8486
4584
1806
6563
151
1888
5780
3717
3904
4795
5816
4785
6009
2843
9593
2610
1983
3761
3469
1236
8998
9108
433
7652
91
5649
7453
335
7777
847
6838
9593
3940
4153
2445
9034
4438
9912
712
3271
5559
914
1150
4010
6321
1868
1642
2332
6987
9538
4168
6415
1070
6236
3073
7860
817
9780
4022
2976
1095
7187
3536
3368
9587
8359
1474
5015
8508
4398
3512
8853
4592
9182
8759
7160
8591
4549
6860
3773
4004
5526
9407
6816
1996
4251
6790
7231
2049
7176
4886
1147
7627
4474
7606
2895
7441
343
865
445
5940
1039
6310
690
7692
7118
326
5257
3505
4717
8163
6747
6574
4447
2733
1190
4245
2392
7185
4263
4959
5068
4057
5367
4121
7339
316
6373
3987
3536
9754
6806
4877
3120
3990
3654
1283
9312
80
3471
6306
3962
71
9256
5195
6831
3298
1566
7906
7159
5086
4623
6820
400
6978
7697
5874
6849
1358
835
1443
7398
4953
5568
4059
7024
9737
5328
2111
12
2798
2261
2736
8578
4381
8581
6761
1116
1401
7316
9591
4732
6924
1634
5893
9555
4196
7967
6063
1515
6135
5836
7973
3627
5052
9219
2439
5623
1789
4626
4334
5502
1545
5632
1222
404
8234
4913
5362
649
4917
1909
6950
2891
1812
6585
2071
7798
3621
3532
9743
8934
3061
9490
653
6955
9943
7089
5272
6890
7509
5913
2616
4597
6224
1788
1903
4397
4528
2902
1131
1162
9981
7076
7167
8641
8895
2399
2797
4842
5076
2583
8216
9804
4482
4667
3830
2160
2297
9715
1478
4335
5775
6854
2898
3816
8635
4153
5972
7974
4311
5532
9220
9636
4132
4710
6395
2823
6818
725
3194
9789
4942
4738
7742
6660
8881
4797
6967
2375
7886
5285
9697
9537
6374
2775
2603
8877
8521
5024
9380
4285
7474
3306
1613
5868
9498
467
3250
8473
2708
9382
5706
7736
7772
5849
315
5903
8742
2479
2200
9785
6322
4012
9713
3959
4994
2685
7554
6132
1492
5148
1407
3334
310
3573
8101
4401
6465
27
14
1447
2156
4283
7783
5420
1922
144
1753
8158
9009
8199
1205
363
451
6504
5143
522
4101
1055
6018
3227
6845
6720
5910
3017
7745
6829
3956
2866
3684
5054
7389
9893
982
4526
2762
5399
5241
3772
1326
8905
9341
1769
2571
5202
8897
6611
1918
5249
918
701
1470
7190
3865
1653
2108
2932
5963
2496
8341
6881
3471
9057
393
4340
1541
1414
2744
7995
2461
1785
6512
3767
4423
5153
6318
4736
4108
4742
3488
6245
9145
5610
6003
5138
467
59
4566
2290
5809
7297
1746
5764
9036
2656
3734
4663
1174
5893
4460
2476
5912
3194
4546
9256
2910
7973
9199
6313
4619
9115
9175
6429
4583
9811
1812
5078
9839
308
3371
7961
952
3495
8573
9863
7697
7547
5945
5609
7205
7650
3712
3096
3153
3553
2273
5224
124
3832
6782
607
4545
6626
8437
5390
7540
3745
18
9144
6574
2575
2306
7497
4494
3448
7625
8666
9386
9743
1111
5107
6996
188
657
3182
7377
8836
7507
1949
4979
7893
242
9279
5587
1921
2605
2762
4981
8349
5533
9886
1230
2547
2259
8820
4640
128
1214
4010
6782
2801
4052
8252
2030
8062
3707
4835
4127
2652
2262
7673
2731
6035
2861
5551
4282
788
2067
2891
8071
265
3129
8474
2049
6780
7158
2668
7687
5206
9586
20
8598
369
5226
2623
2674
2744
2935
784
1517
593
9189
2726
3667
8708
7569
9543
1718
1814
583
3000
8341
5012
9609
9718
8363
91
5450
4521
9915
5287
7811
76
6213
4286
6166
9457
6972
1469
2216
9969
7262
6181
5213
7756
285
3628
3358
9736
1900
5302
9396
7616
3571
7946
5237
7582
2296
3913
8837
6599
4356
3869
8045
8462
6332
7719
3001
4649
487
9718
1115
8980
3627
5058
2508
6582
2316
9562
642
5834
4601
9180
1892
6662
7212
4258
3966
5328
8111
2787
124
1243
7136
7354
5646
7497
5476
5476
6128
4631
4666
7988
4820
618
6701
3301
6685
4051
6251
2782
960
7042
5975
3638
3503
8188
945
5847
7681
9482
4137
8588
658
8075
7287
2198
1438
2661
9221
8224
1349
4945
8507
4721
4820
3048
6800
3136
867
3510
1967
8742
2914
5006
5768
968
9469
8443
9198
3491
8953
5389
6914
7074
5727
3250
8585
211
4315
2707
6047
7652
1366
3121
9131
2080
6053
2832
8139
4034
2110
2893
5313
2387
9933
4842
107
8424
3625
3853
7798
809
5759
8869
4378
196
5671
2211
5816
5486
5746
7107
6035
6811
673
7296
9577
1885
4891
2054
9349
3337
6083
7679
5144
8710
132
1788
4484
1017
7174
8465
4787
424
7579
7934
2940
3225
5791
5541
1281
146
1452
8349
29
2309
3903
6979
1619
41
5253
4631
4301
2846
4475
5390
6743
4700
2266
6870
8027
1666
1106
243
2352
8134
6097
5526
9901
8963
1195
3618
2859
7157
4011
2471
6398
7314
9131
4259
1415
1935
4107
2052
3434
1299
4898
882
9670
7535
4264
5994
5785
4167
1591
8285
5819
9407
5191
9191
8196
4235
9163
6749
9231
2588
8322
3813
4341
1870
5154
135
5680
3877
3352
555
91
5869
5447
4556
235
2248
4621
5827
5185
6266
2475
6559
1467
7507
4985
1043
5670
7090
4250
5433
469
4170
8658
6617
2622
7491
7526
9004
1076
9731
5218
8530
79
4022
4010
2348
9395
6538
7283
3076
6774
9841
176
707
9393
4942
349
8492
2431
8493
44
8326
8618
7902
9145
3965
1240
2679
8209
6286
6400
3002
8446
8263
8110
3764
2645
1333
7981
6397
1625
2681
1036
9248
147
3453
5913
2247
4488
2839
9313
2007
8898
3788
3755
7866
1523
8775
8552
2704
9135
97
6130
8663
5204
2663
3844
5645
926
1744
6753
5574
9474
9412
4832
7718
7029
4710
7150
8130
8679
737
7801
9769
2878
7337
8981
7927
2969
7467
4091
5951
9567
9701
2291
6880
811
7725
6996
69
4648
2119
1393
9986
6176
4080
9212
2243
9352
6339
2026
2624
1096
8796
8676
8750
2475
5095
4129
5033
29
1855
1396
4994
2111
2523
5168
3876
7064
8817
1490
9259
1998
6050
1178
1828
3674
2906
8125
8265
6547
8048
4147
7618
8482
829
6781
5289
7641
1963
1132
8646
4905
3381
2650
9294
7370
9677
660
8167
8703
8666
2885
6303
7928
5700
9294
522
734
8486
9991
3561
8033
9953
8582
1967
247
7875
5412
9494
6236
3515
1779
3593
8239
2137
8422
4394
6277
7217
9672
8877
8334
4582
5243
9436
1185
528
4927
5193
6118
9568
4461
2096
1983
2292
3489
5209
7770
767
2828
8684
2487
9006
4025
2791
3567
6850
5142
5675
7141
8108
4802
6274
1616
6147
1995
2582
3666
9077
2140
6581
5415
6715
9592
3977
9118
2071
2569
9803
6481
3448
7314
5754
659
4192
599
4256
7503
240
537
679
8131
9653
3396
9044
4816
4990
821
7729
3288
3313
8751
6220
5287
8299
3647
5341
9110
1424
1331
8172
4959
4082
6440
1767
4543
4074
5575
2759
708
7478
7846
294
3388
4458
4926
9849
9089
1416
3625
1924
3079
709
3378
7153
136
3041
829
1072
5856
1593
7490
4539
8357
6425
9041
4714
7239
3159
534
2895
898
6997
40
269
7859
7548
6117
6377
9920
5864
7057
7172
5714
3088
7924
8178
8476
6611
2585
1734
4432
3969
1698
7756
2423
6997
6907
9548
5902
8146
2688
4061
7788
1741
8166
5926
3514
1686
2515
3904
8212
7794
1247
9084
5221
8932
3146
4430
5640
1910
5004
7438
6562
5835
3783
1940
1303
7662
6642
2919
7729
6537
3764
2908
4996
269
4035
8248
5347
8845
6876
8523
1123
4018
2534
4359
2919
7550
5262
6916
9699
5075
2634
2828
2959
3162
748
416
6056
4642
319
5654
8432
767
6785
3630
1061
554
8560
4084
609
3622
3051
4204
1029
9025
7657
5701
2812
7854
9237
3465
3253
1995
528
3088
32
1805
1473
3504
6018
2420
6091
8575
7203
3325
633
6729
5569
4148
7062
1395
1669
2516
9327
7820
9935
143
4455
5341
7647
5799
4028
8762
9014
7514
9516
6257
469
1585
1937
8311
4735
1717
7976
5599
9769
8042
9641
501
6762
4308
5586
6396
6974
1844
9247
3906
1167
6302
3144
5242
98
4681
1092
5370
8941
2150
2130
9561
6494
5181
4253
8043
5545
4726
435
4516
2851
1715
9711
2511
332
6090
8056
5798
7176
1290
94
7951
6119
1725
2735
1481
388
3364
2066
8876
2966
4469
3294
2714
5002
9748
1851
871
3435
7174
8503
6490
9538
8852
2316
120
5369
5338
7318
2642
3307
6002
6124
2520
3010
8235
4993
1765
8625
7455
5406
3776
2601
5720
2930
3135
4911
100
2326
2319
7007
6519
2745
9730
4653
451
1133
3602
4761
6424
5344
6185
620
9660
9756
4990
1991
3141
6369
7060
4845
8604
2127
69
1533
276
8491
140
6070
7154
8617
1008
9942
6666
3440
4884
5827
8445
9970
7776
129
5694
6810
7674
9008
5085
4778
3516
8571
9266
9094
4955
2577
6519
7532
374
8436
4078
7787
2420
6599
7639
3706
1131
4727
5743
236
5390
4093
5476
9083
7105
4314
3251
4937
8470
6884
5501
9351
5602
239
950
1230
7195
3428
616
9022
4578
3443
2612
9984
9793
7439
3020
162
6505
6934
917
19
9962
4890
553
7639
9078
7181
6767
5004
4434
6371
8940
2786
6015
4194
2099
6568
7604
710
8991
5193
9985
7091
7011
1998
2762
8122
7218
982
8792
5907
2507
5704
2275
2881
5798
5704
1935
1914
6241
1056
3607
693
6081
6089
8333
3596
3288
1787
8427
5369
5908
2457
9795
5362
3057
9008
5934
5959
1076
3569
5063
3353
2160
2026
9981
2880
9686
2168
3833
2339
3207
312
784
8128
2741
5325
7607
7098
7661
9464
8283
6518
9958
3173
8065
9347
6804
6217
3829
2405
2504
1360
6946
1102
3356
7585
5015
1696
9925
2169
523
7430
3742
3800
9638
7097
5617
5702
1401
4361
7453
9632
8846
5943
5426
5815
3941
3410
5616
166
937
5429
4191
8768
2580
1063
3169
3094
3326
8746
1988
8156
2494
280
9313
9581
2321
2195
1968
6226
6932
7309
7956
2259
7482
4548
9186
394
2404
4612
9635
289
5430
6198
7560
1074
4650
6455
7284
1545
6069
1529
2104
3237
9647
6198
1485
1287
7945
1148
9667
624
9142
6510
7035
951
8821
4871
8156
1320
9893
4173
2526
9120
449
3559
7174
6243
6783
7611
4783
8979
3127
3618
1917
9537
8288
4328
5289
1134
8302
3559
2349
3249
7135
7657
5071
6292
1780
5759
182
6182
4446
4632
3011
5439
7904
3908
4055
4127
4432
1144
7082
159
1535
2644
2736
101
8444
647
9789
430
9502
7789
1579
4377
6696
8284
5871
9617
986
1636
223
3627
1554
6528
4416
8601
9655
511
297
8947
3528
7189
577
2630
7940
9905
1118
1509
812
6389
1222
5607
6796
4308
6853
6505
3641
5651
5525
4367
3235
4441
4848
3966
5678
5557
2109
4379
5751
1209
933
2983
2467
262
8615
1723
2992
9831
5516
8312
30
3982
4733
5235
8809
4048
4028
1586
4972
1122
430
9998
1429
5984
86
9531
7327
6529
5160
5929
2507
8450
9580
3887
2415
7290
3724
2081
4988
3552
8807
6679
8175
8605
5342
5884
8475
4168
4823
5724
8567
1617
4142
308
4141
8973
6993
3080
7537
5895
1804
7538
487
1620
1747
8695
6786
9183
736
516
8276
9269
1952
3967
9750
2463
4619
5559
3201
9353
1312
6343
5933
1434
6564
6429
9090
5380
7955
3930
186
8423
3230
1210
8489
2291
4506
5385
1928
4837
7300
6217
5226
2489
9144
4876
2318
8845
7821
4989
1122
2724
5373
6064
3811
9034
7947
3127
4413
1410
4094
6447
5101
4286
3039
5546
9595
9950
2966
8370
4274
6007
7432
1530
6084
889
9678
5408
6903
2923
9845
2215
384
8123
6755
4101
275
3411
1372
8807
4567
2512
106
2563
9478
2521
6630
2566
4811
808
298
1712
9152
1682
6146
2949
9146
7126
1314
8536
5099
9286
6089
4834
7599
3000
5624
3133
7262
1402
3178
7115
3385
7243
7765
9677
4312
9931
5201
2062
7097
1731
6709
9513
1559
6011
7051
6566
4650
809
3206
7663
4067
7677
6388
2050
7751
9756
8058
9512
2114
3561
6939
2355
3596
7002
9451
1961
9083
8550
2477
8056
6777
6536
2176
3600
1577
7694
1022
1451
8928
7010
9375
66
7046
6246
3092
9603
3691
6018
6883
1701
7808
8383
3590
5294
1450
1121
3135
1573
6097
4519
9774
4921
7419
9884
7215
9291
3167
252
141
2765
3299
4872
4205
8372
4425
9047
375
3881
731
9578
8736
8626
9873
5719
4743
695
6986
2094
770
3525
4588
8331
3280
2476
7992
6309
9589
5921
293
540
9028
9828
1440
8762
102
1070
7889
6906
1919
2251
7322
5606
7873
2283
1623
9502
6449
6328
8583
1952
5851
6712
3974
6012
4551
8933
4030
6231
9521
264
4061
2641
7372
3711
1505
2783
6571
8637
772
6819
4259
3670
9037
3442
3577
9579
9737
6499
1205
5428
4836
7148
4435
2052
5444
3901
9601
7866
305
2318
2229
9219
5856
3629
740
9581
4701
2210
6315
8810
6578
9462
6809
4506
5251
3328
5358
5453
4333
3586
5798
9222
6655
945
1171
7761
2294
4499
6763
6727
9917
461
5401
7113
1246
3305
656
7332
1996
7980
1924
7096
8651
7447
1570
3733
3979
9023
8260
1748
8146
9843
9697
4715
8231
9227
2484
509
4360
174
9081
7590
7132
7772
3591
4373
8311
713
2764
6669
5271
6264
8666
2002
4755
1944
8172
9350
3753
2562
8462
8003
5257
2657
7313
8773
3096
4096
6863
7745
5295
8317
8757
7232
1315
4370
7828
2805
311
1542
7456
7381
4385
2026
7643
3108
9836
6759
8955
8983
5385
3438
8589
2255
1760
6538
4951
8925
9531
7987
457
7731
3111
6321
948
6339
2981
7333
8659
3014
4398
8565
3697
3310
9417
8910
4467
5615
659
5765
4321
4287
3313
7514
5866
8584
5022
119
4108
4617
928
1763
9145
4053
6178
6026
6610
58
4527
742
5882
2305
4618
535
9559
9700
3674
7013
7189
70
8360
5867
5437
7497
304
3716
4396
3324
2983
6884
6335
2046
8394
1654
3679
5012
4096
5645
3947
5675
3664
5383
3139
4753
2493
4817
5426
7019
4657
1537
3567
7361
328
3633
2393
5376
7389
2275
8577
8079
9425
8587
8489
7427
6491
5293
5336
9909
9533
3027
9028
7872
7885
2895
1210
8260
1503
1708
7013
8183
9779
2249
309
3113
6806
9517
1735
7889
4123
8873
9081
9349
6531
8788
5941
3690
5894
9409
8518
7745
2503
9150
2121
3774
2935
5327
7077
232
1979
8391
4240
8063
4731
4643
2495
4653
6571
1978
1390
1138
2999
7778
1231
6729
668
7802
6974
9885
3684
8933
1884
3256
3192
8164
8451
6184
6249
7706
8162
3217
9218
8604
8492
2938
8286
5951
1563
4764
751
1537
5931
2378
9396
124
3484
7151
7300
905
900
3437
6539
4950
4210
2348
3401
3092
1681
2993
4148
7342
2620
3153
4215
9504
1685
2952
1960
5120
381
5197
1364
4224
2792
966
8406
9367
3106
8480
4275
4814
2578
5800
115
2717
1503
3432
3900
5015
3000
2587
5218
2127
680
8490
2884
6834
2387
1767
9123
3253
4494
1740
6095
3425
6429
4994
9934
5321
7924
859
8954
2716
207
5631
5426
7115
1126
7940
9580
9361
3949
6496
4995
1955
3795
5821
2985
8841
8562
7577
9927
8695
8405
5260
8363
9555
1019
3944
1972
3575
1514
5332
1609
988
9975
9052
5916
7548
4313
1831
5205
4250
2035
6811
7844
1126
9385
5284
8574
801
6298
928
1790
2581
9396
7191
7204
1032
7533
9819
1818
3781
7565
5100
1960
1195
6266
2658
1403
6302
1951
8749
7943
7926
2328
8398
8699
2872
925
6086
4525
863
8630
8968
2779
7819
3631
4477
4160
3764
7254
3880
392
9185
5057
5770
9930
1482
9655
87
8348
5305
5657
106
1190
8433
5609
4863
6951
430
6750
6670
2524
7015
3899
6174
1493
6669
3745
8162
9569
2972
599
2506
1855
1672
6712
629
891
9928
2491
9027
9671
6550
1624
6531
7824
5008
5120
6339
7807
6979
6937
7536
3183
3228
5229
2401
644
8146
1080
993
5083
3343
7217
9665
5407
1543
7840
5581
1125
3623
7794
3638
5050
7320
4648
173
7158
6139
7381
6967
605
2896
3216
9935
4905
6278
3744
6268
6189
4743
1615
6118
6332
8488
4336
5334
7684
4549
8815
1580
8460
6019
4353
4015
9424
2966
9912
5917
7427
5099
6193
540
811
4334
17
5987
6039
495
1906
48
9525
4640
1796
4261
1900
5868
1046
7041
5191
3419
5068
6672
9839
2622
2696
9913
6157
2121
2882
2765
4331
5387
5906
1566
2105
7296
5643
8042
2751
2890
2865
5330
9700
9968
2976
7933
2569
494
1379
6828
4758
6282
8578
2781
7584
1117
4734
3200
3944
7828
7815
3089
7197
1718
6922
1229
7910
5830
4053
4131
617
7799
5139
55
9822
6646
2145
9052
6305
423
6817
2440
4769
8547
1819
4535
360
2745
2650
6179
1638
5460
7219
5401
665
7479
4339
8990
8651
6433
6137
6941
5137
3884
2383
4545
8401
9090
4447
8260
9925
5116
8614
7521
3935
1063
6021
546
5931
1109
1571
1640
5559
5286
2759
5699
9508
704
5653
7181
9866
7320
975
9389
9855
6626
9135
6342
4566
7595
3132
6953
7795
1652
2448
6199
1944
5937
7968
6369
1642
7463
158
1328
1556
9388
384
1591
7990
5809
6469
4060
3204
3509
2771
8210
714
6194
8985
4140
7931
7529
7028
3803
7002
73
8710
4419
8401
3001
6675
5313
3628
8224
8062
5631
5518
7280
9368
227
3764
2921
9303
1149
4610
9308
409
5642
7335
905
741
1222
8190
8516
7791
460
9625
52
8206
3881
426
3700
3966
7795
2309
1617
7918
1
5325
7078
253
9129
6926
6892
8785
9741
5752
3106
4470
6801
3336
7105
9280
5937
5032
863
5762
6332
1350
5744
2025
4498
1778
5316
8958
827
7579
5236
5511
2007
8603
2604
6105
1407
710
9012
7210
1792
8224
2112
7403
8621
6274
6541
7503
6461
6529
8268
8068
872
9274
6614
4959
2319
445
1520
5067
7136
749
2974
445
8496
7452
6403
6708
1218
9393
6905
3715
6577
748
2736
9260
3917
3165
5122
2422
1908
3289
7708
9571
491
1127
1601
1612
9883
2622
9214
835
341
3053
8733
5925
1738
4764
723
1053
4251
7165
4525
9156
2970
2527
7411
5278
6798
9062
2709
5333
1879
5163
7057
4313
7636
8657
149
3667
4544
5535
1322
3263
2563
3352
515
143
4886
1437
1319
1339
3411
8426
2112
7687
970
5020
3912
6335
4532
6322
2933
36
3235
3289
6314
8956
3537
7942
9560
6295
4155
6559
738
1262
3871
6781
3725
8079
1451
898
6804
9699
8042
361
4722
1422
8842
2018
3426
1390
87
1344
5762
233
1047
3307
5384
9756
7306
2492
3925
3368
4019
615
7592
3855
5435
5605
5997
159
6868
609
7511
4641
1681
8388
6736
3062
6946
3512
3824
3931
4172
763
6497
9286
300
1111
1469
1232
8598
8869
8688
2182
3527
9053
9957
7796
6735
2691
4924
5949
379
6514
7944
7426
3224
1243
8391
816
8830
7331
9595
9544
3557
3739
4793
385
3239
5956
8130
8559
1176
8723
2376
9543
4775
4441
6729
3591
68
482
1273
7102
3693
1401
1595
1893
3680
7251
5773
5874
5352
9494
5946
472
413
7837
5113
6588
5753
860
8117
4971
9566
7975
1380
7433
9207
9747
7882
1305
1288
5219
2286
2216
2856
5422
976
4142
5653
3658
363
3314
507
5016
2278
6367
9109
7796
3401
8365
6773
2992
8323
9136
2362
8385
6508
5288
7223
8396
7849
7049
5081
1877
6012
5306
4518
2004
9865
9717
9784
2260
117
3839
271
1593
7996
504
5113
4541
9813
5908
225
8093
9694
9956
4782
7965
7297
5686
9704
5129
7331
213
8306
3055
4206
1258
4613
9322
5140
4624
9047
1359
4185
9193
549
7606
4577
3583
5938
1459
5432
9057
2954
5240
9415
5092
4597
9523
3531
1453
770
1185
3054
8573
3533
3489
9268
8113
1202
5421
1121
3933
2727
2290
4235
8549
9638
6724
5120
9584
9167
4400
6050
2250
1216
416
9567
6839
9039
6923
6463
3844
1180
7189
3992
5883
8357
4987
7103
2619
7554
3140
1763
5142
6556
410
3451
4606
3808
4922
2504
2241
5417
4858
1201
1640
8659
2172
632
334
3754
4922
8392
1630
5253
4260
6413
3999
3490
3396
1533
2961
3945
7227
2685
4129
7953
1283
5701
7179
7001
6346
5727
7046
5313
5007
5726
4302
5328
1964
8994
3730
9337
137
4070
925
553
1436
6304
730
1688
3390
3340
547
7075
3369
4497
4282
3974
7424
3709
8896
3584
7654
5782
1897
8518
4469
4313
8706
1466
5588
4855
8430
9449
8383
3178
7099
1544
6907
1975
1193
6577
5685
2600
1384
2943
8107
3431
4901
6041
705
8327
4012
5700
4816
2466
8028
784
8937
9806
8876
8995
8678
9781
3976
8202
9998
7212
6426
2277
5405
9149
2251
3025
2456
5396
417
3591
4778
2903
514
7383
6961
7570
5146
1335
1721
160
7955
9230
4457
4390
3685
1884
2159
7
3468
1415
7402
8435
2174
1
4017
150
721
4403
9167
2167
3081
1895
3171
3005
1797
3726
6676
4937
4064
1820
1889
8907
387
2867
4382
7063
9761
1956
8796
6860
6901
1387
9920
8582
8693
572
8969
5355
2063
4822
1357
2194
7124
4023
1688
2629
4531
887
6384
6443
9379
6306
585
1107
9442
9583
8379
6990
3100
4254
2114
6487
4197
7356
5973
9915
1228
578
4772
4814
5011
6635
6653
1498
7777
9944
100
6512
3640
4767
5225
5831
1756
3848
3688
5527
5105
311
8567
8652
3388
775
4199
6349
4638
1883
5116
1889
3080
8308
5329
2121
8961
7132
2734
3738
1448
6245
5894
5681
4000
3415
6195
2216
7449
4171
6102
9215
7661
4963
4542
7174
2807
5584
4108
1242
4285
781
1893
7903
8654
7904
1742
3850
3022
4956
4803
2149
7298
8096
994
7243
7095
2759
6260
9817
2064
9045
6615
5012
4180
7500
4049
349
8432
2080
6375
2748
6140
5646
5041
3697
4513
2524
4207
3928
2556
2549
8879
6686
7567
5001
2812
7794
308
7226
5204
6319
5520
9940
5767
8527
2446
2611
1821
3082
4092
6092
7749
7618
9133
4271
2200
5339
5346
5240
6443
4701
4342
5617
6486
5112
4095
3691
8742
817
3754
8775
946
767
6435
322
1395
2512
1654
6614
7867
829
8140
954
5606
4112
5862
853
3210
2671
5207
7248
1241
5477
8897
3924
9293
3083
5504
8106
9038
3907
7808
9544
5975
3558
5029
7035
1914
53
5427
4759
4562
3170
4904
5743
6482
2061
2220
5474
7598
1591
4842
4875
9390
4844
6296
6748
7807
3236
2321
713
7224
5350
627
2722
5532
8059
821
767
18
4189
5989
2121
2159
4485
3207
7177
2278
5653
4632
4188
3827
9135
1316
4393
9185
62
5224
6733
321
702
3601
8389
1671
5020
1890
7547
6149
3197
1138
211
7184
9024
5264
9826
2649
9615
6123
176
5756
9866
7964
922
5822
4461
6498
1888
4960
5641
405
6668
9136
1369
5138
4841
347
7959
6254
5286
6811
6839
2603
1559
1563
3209
7633
9336
9592
8302
3395
8826
8106
7461
1269
5308
609
1434
4564
8045
6228
3082
2121
4825
3003
6377
8971
5573
5627
4224
7840
3009
5696
2300
3933
449
1096
7471
9630
4366
4730
4032
2835
4152
4769
4981
148
264
5421
5579
5674
5379
8757
3122
1136
3044
1278
6833
8547
4177
8678
1921
1844
8433
3037
5080
6190
1878
1819
4343
4349
2610
526
9920
7230
716
1863
766
3272
7780
1636
7425
2505
2255
8292
8816
8384
2762
6556
9983
3126
2208
6042
1275
5686
9044
2608
3203
2590
4579
6747
1275
8292
427
1032
7537
4491
3717
7355
6823
2283
7673
7552
9445
2065
2493
2439
7594
140
5393
8401
4739
3110
6813
6846
5464
803
9941
3277
7142
9657
591
2386
5600
3716
3884
5576
8821
4503
4282
1551
3173
3982
7588
3612
6892
5541
1851
610
2698
800
5739
5773
6972
9890
2839
3514
2732
4599
6009
8290
8667
2379
2947
5608
7499
9657
7863
3092
6965
2513
837
4973
9319
3197
5723
9637
4304
58
3770
5933
6610
1161
6720
6110
8568
3662
3446
1775
8003
3458
9721
4278
9037
7332
3381
7731
5155
7999
4449
1221
695
8217
2792
6348
1277
8696
1052
1915
8387
4396
9648
546
2832
4792
9230
7426
5259
5094
8976
7531
8268
7620
9590
6496
245
9931
5588
8566
7881
4583
3144
1632
5814
6652
9046
6236
316
1115
85
2601
8238
6092
4537
5999
6437
4771
2313
8065
2214
4807
8772
4304
3499
8348
3058
4495
5611
1188
1989
7666
7933
5945
6638
517
8195
3900
6619
8902
6150
8555
4586
9282
2410
1174
3490
4902
9199
6285
1230
2569
3216
8985
2382
8708
2936
9842
5527
5415
8333
5875
3199
3921
2669
8394
924
7099
1504
1265
7276
9399
4745
7495
4223
4318
4359
3528
6624
1513
3484
9677
1854
2930
287
8330
8455
1183
2996
9855
6523
1718
588
4008
7358
7948
2293
4619
3058
1740
840
6645
3637
4673
5332
6683
5028
4071
3167
7079
5704
9316
9161
4368
7061
6135
3781
6965
1310
2917
7591
5956
6528
5980
16
5025
4621
9356
3527
1826
2631
7348
1375
22
3897
119
119
2349
2695
3615
1798
3307
3297
3288
8447
635
3919
168
6092
6660
1951
5808
149
5932
3617
2183
6167
6817
8016
1465
4345
3772
7137
7
5420
1158
5496
7677
7326
6440
3923
9396
262
1456
169
5182
7573
5863
538
4597
2624
1494
9445
2649
1897
2245
7436
1866
2563
2028
4129
7173
4810
1491
1320
8360
1308
9004
6693
5505
5243
74
251
5802
7552
2374
5486
5523
8439
8589
3478
6790
7987
3215
8795
6350
577
8881
9888
8108
5582
7110
5365
7074
3565
9420
8202
4491
8082
1872
2465
2572
7230
8147
8217
6539
2445
1874
5300
7229
1713
6440
1464
337
5791
5666
6079
6073
514
7348
1784
137
1014
7424
8168
8507
5691
8332
7408
1763
3856
3651
6915
762
8856
2959
661
6818
8227
4091
8708
2923
5613
359
7458
455
4342
1445
9302
4646
2129
7417
3295
1315
2672
7571
2931
4985
8676
1459
2771
4340
4806
2120
8154
983
39
3020
8148
4440
7316
2668
7989
3763
3067
7666
1927
2340
1316
2054
1517
9614
1113
4632
7479
3407
3042
1621
8022
4549
3931
7655
7751
4729
4282
5096
5833
4208
3421
4493
5127
4393
6628
7572
6745
5403
2863
9326
4652
308
1486
5044
9756
1225
7031
9984
6147
1799
5819
5571
7374
2943
4330
9315
5757
9366
5897
3290
2493
7675
2539
5435
1268
1366
3328
2114
7007
6399
3673
3596
7576
8570
8030
4856
5770
1024
5104
659
1046
3024
2744
475
8665
770
8880
6358
5917
7601
8820
7001
2259
7995
23
8591
562
4424
8853
9608
3585
2236
7826
7034
3774
577
4745
6736
5327
2191
4055
5728
1696
3681
2234
229
8548
2721
7015
3032
4189
6350
3784
741
3101
8967
8865
3099
968
5814
3020
5802
3485
6311
6204
4716
1118
4224
314
1067
5995
4377
7704
6760
1170
3371
4156
930
5682
5000
5249
5561
2182
6547
3769
6633
4313
6361
3009
960
6406
3088
4222
5773
655
9949
507
6643
5809
2242
8764
3354
8449
8448
501
3118
2523
8184
9433
1254
2870
7037
6464
260
445
5107
5041
4211
1953
204
1579
6008
839
2381
6572
3475
258
9848
8240
6373
1337
9598
9874
4402
128
7155
9309
9918
7560
9024
2892
9293
8008
7395
9864
547
5813
9280
8452
4887
1448
3507
8363
4922
9031
8142
3995
8414
4416
2577
4225
8753
1601
4270
8998
8731
991
4048
4755
3625
3131
6189
2869
270
3226
2547
2839
7535
9756
3286
1645
4745
7231
4687
9208
3055
2455
6925
3436
1114
2751
7718
3827
7765
6895
4351
5015
983
7083
9705
617
169
6503
3976
6673
1927
6242
9816
3358
3428
248
3808
992
5476
1563
1645
1933
5148
3065
4595
824
8531
5526
9459
5021
9188
8296
5036
1901
5095
2903
7560
3242
9576
6362
7798
6195
8241
5145
1263
9334
1499
610
542
6673
5347
894
4731
2223
8258
7796
6693
9094
8962
2975
3523
6336
7788
8075
9784
5674
4982
1412
9140
8035
6877
6534
8576
8985
4021
8513
2595
5784
2350
5369
5453
6792
2420
3768
9683
9379
3353
9675
9568
1921
2981
6703
3596
233
9717
7684
4714
6601
6616
4915
1325
3926
8514
4543
6104
7684
1853
6698
1968
1757
9580
5812
2961
7007
7103
7279
6754
7981
4207
6656
4796
8785
1646
7295
1469
9483
583
8240
3715
8458
6791
2601
6830
4393
8671
445
3810
960
191
707
4146
5043
6511
3332
7854
3444
60
7534
921
4407
9860
1908
162
9612
4004
8765
3987
1257
9544
5198
3632
1102
2660
5271
4531
8091
893
5508
7700
584
9114
4811
8434
1661
835
6300
7809
2326
4111
151
1427
9362
6976
7114
233
5000
2051
9854
3495
5315
3121
9403
1114
5320
2254
232
4639
8673
2567
5204
406
9551
9147
2328
3176
6978
2876
6546
6777
8697
4240
3860
2103
7052
8420
2176
1444
9460
7575
1212
4646
9260
8252
7148
9963
1164
8723
8625
5967
1711
416
3222
4188
7963
3260
4000
4480
7364
1278
8058
8151
3238
3662
6693
7459
5672
589
7112
2799
4354
5384
9989
7894
5196
2510
8652
4580
2544
1640
8421
8256
7027
8138
3381
3310
3850
6848
2601
5472
4241
2193
7706
1235
1677
9784
9341
5894
7665
4079
874
1826
4190
3612
9099
9008
5701
1196
8763
9072
3308
9685
9438
1154
239
8304
9629
4281
1867
3673
159
165
4705
1678
2426
5428
5784
3678
8930
8546
5823
3471
8255
9508
2147
7026
902
7746
6373
7477
6200
7369
2295
2151
3180
9046
4637
7205
9995
8139
2797
3986
1271
5674
3708
9252
5808
3735
2722
7318
9444
4116
6216
945
6348
4240
2243
4501
9143
2824
7112
6189
6916
7698
4778
8377
694
5787
9088
5983
5789
2815
1018
31
7230
9607
7696
7531
5054
1840
4830
1223
1779
5628
9560
9021
7925
1145
2325
9037
4809
8622
4311
798
7822
8895
4831
7793
6712
2701
9914
5924
5261
6146
6868
4438
117
9564
5898
9103
9709
9294
5740
4764
2960
5362
8780
7879
7411
3809
6027
5738
4664
3198
3352
223
9104
2243
4566
3551
5124
2955
3912
89
7835
6201
5036
5961
4168
4918
283
4002
9492
316
5068
4342
1024
1250
8313
1796
770
2316
1678
18
1177
3615
2573
7109
4664
5800
7565
639
2924
453
9328
741
6999
7571
7133
2563
711
8462
3721
639
5181
9828
6211
5637
9442
8261
9655
592
6325
2476
9398
8106
5607
1790
3524
5619
3932
3614
4946
6698
8658
8261
8623
9090
2627
4254
9579
9389
2939
8685
6723
4351
2804
3401
3212
1392
1933
534
6767
2989
2523
8124
5717
6441
4886
6912
5828
9245
556
9746
4656
7520
7175
6574
4387
999
4862
4251
4805
7745
2925
3107
2968
4447
5594
6206
2118
3113
9281
9757
7076
3585
2878
6363
6725
5642
2547
6172
2487
1984
678
7959
8321
34
9935
956
2272
6382
6736
4212
6148
4865
9331
4644
7002
278
151
410
7634
9284
3562
1538
4534
5682
9614
3882
9853
4222
9180
8230
6789
8331
5675
2361
2546
82
3646
1606
7868
9443
4605
5963
9016
8408
9264
9764
3465
4450
7140
8048
5335
7367
4508
3309
313
9677
5660
6292
9151
6083
9955
9564
5376
8983
633
4395
3093
6902
172
8192
1545
8162
1801
7820
1096
5485
4816
8437
9424
8241
2634
5401
6646
3354
5312
3295
7184
1582
3497
8169
6207
4911
8181
3746
6828
4622
8696
1008
5527
6314
5357
2440
6588
4633
9247
2355
9002
5079
7848
509
7335
7195
3607
8683
6857
1359
1106
5318
2094
1569
462
8271
657
8460
5790
4738
5317
3935
6105
6718
6006
5597
7035
6058
7939
5109
1538
1007
7136
7557
8342
7433
6729
5492
5257
8525
4077
5712
8822
8523
279
3618
5412
8759
1842
3885
7911
5061
584
5217
6906
5867
2901
5405
8092
6218
2688
1318
2863
8343
4837
9908
1300
4146
7702
5681
2626
2203
7276
2923
8085
1224
2073
1370
4901
2571
4913
3510
9061
8459
4545
8190
1272
9886
3892
1557
6054
1649
9211
1347
511
1230
9906
6260
3372
6127
1781
8257
8805
3012
903
5222
960
9383
5111
5596
9246
9355
3604
3456
3546
5966
9917
8135
4405
9347
7817
2555
2479
5966
9135
6238
8094
1360
7818
7241
886
7546
863
6281
8333
307
4530
6818
1399
6388
2251
3861
7316
9568
850
3927
1339
1443
4751
5926
7905
5783
2316
2030
7513
5112
6167
6336
4133
302
2304
6382
2147
5134
3637
1236
5910
7792
4606
4464
4363
2643
3160
450
1398
564
324
7257
8328
1459
6660
2863
6885
7092
8646
2400
6364
8058
6987
3446
3071
6030
5003
9226
2904
9964
7696
4310
7128
155
8312
2838
3236
7961
4774
1578
9306
903
7311
9501
3573
2070
5871
9630
340
2796
6779
7678
5122
6694
2832
8682
7965
6843
8948
8015
9494
2880
5956
4212
2716
9196
6169
5866
9283
6394
2162
6767
7078
82
7724
3260
6784
1991
8815
8981
2281
6540
172
5488
637
2278
6400
2979
8799
5737
6994
6145
926
7018
9997
3230
9817
6601
494
5770
8211
1146
8908
1544
5371
180
427
1973
1622
9896
1198
3834
3573
292
3978
1724
7954
8978
2581
9207
9086
2537
7056
1651
9448
1265
472
847
8891
3346
5486
4971
5628
9974
8557
8020
2088
7155
4872
1867
631
4337
6591
3959
8020
1358
48
4036
1305
4376
5565
557
8087
3925
5891
6171
7250
2631
2324
3071
7301
7976
6184
9276
9903
7390
7486
7244
1639
7246
7064
483
7891
3233
5357
6430
1076
7531
9393
9259
4873
458
8088
494
1670
9479
7
8746
7675
3928
5205
2431
3926
1934
6299
3973
7056
5641
9749
1934
4261
7389
2653
1856
8952
2322
1373
2481
111
2579
6394
100
6171
4175
4381
2760
5716
9996
1700
8142
3191
4933
5577
9271
3676
672
8697
4689
4997
9202
1134
1626
9696
840
2154
8329
4872
1031
5004
5512
9843
3862
9898
3833
7756
3593
3337
890
4120
731
2120
8937
2046
7866
9573
9538
5748
3100
5654
1356
8011
9770
7988
7978
6419
5536
4921
8216
3448
4840
7506
6825
8550
3552
2415
8730
9122
9023
3680
8136
2581
7580
9987
183
8191
9822
4334
1672
2234
5076
4593
348
9694
3622
9306
7318
3805
8276
6361
322
9460
2428
7048
2311
2704
2217
3183
2985
661
9540
3392
6611
7849
4318
3897
3548
1713
2731
2587
2278
7604
1139
9776
2757
7025
1418
8860
9892
7177
2733
8478
1251
1281
7146
719
128
5344
6701
1237
4286
5373
2861
7993
6928
3385
9633
2515
1319
1850
8046
6511
9526
4327
3756
9501
7608
8746
6915
5709
2206
6614
5336
2797
4158
4187
4014
7977
5652
4834
441
3937
407
3769
6425
7516
3657
2997
2414
868
3891
1129
3524
3794
6239
7654
7836
9700
6222
7770
852
7354
7542
4174
214
604
970
5815
9354
8637
5826
4501
2606
3907
4634
6108
5320
7595
6840
42
9780
2911
9060
7987
8727
5740
9863
2767
8726
2620
8629
1971
5484
1387
3785
1982
9283
5003
1985
6347
8710
6835
502
429
5250
5545
6076
7599
6328
5907
5525
9322
5227
7799
2396
5054
2659
8484
8244
7261
5
232
4636
5100
6035
9800
5531
5755
2861
2919
7113
9728
4597
7898
5458
8673
7119
9439
4513
4170
1383
3433
5758
4138
3792
4674
4802
1741
7002
7855
1735
1113
539
3202
702
3238
4980
2006
7309
6496
5028
8012
1282
7531
5282
3983
6306
245
9379
8152
284
8170
4902
2682
9967
189
395
3761
3449
1912
175
1828
6413
1730
4202
620
2827
2775
5578
8954
6360
200
9390
3194
565
4099
7704
584
1593
3309
4994
7450
9791
137
1269
2532
5841
3365
2142
9324
9984
1045
7722
7108
3162
6926
1723
6898
1735
9728
1634
780
497
6106
3011
3510
3294
2732
7034
6864
4186
4813
2
4061
800
5826
2784
6120
5278
3010
6747
3525
3118
1413
5995
7029
424
32
794
9262
5027
768
261
7948
4502
4410
8499
9710
9026
4386
9546
6682
8345
8628
5662
6756
1125
1539
4932
9617
1720
9702
9348
4465
2131
6135
8566
6064
8420
4490
9139
2312
1271
4362
8150
9283
5231
1136
8438
9165
4304
3983
3127
1115
1418
58
6876
5609
3112
1927
4029
9723
6065
8957
2215
9586
9851
5172
4180
1085
1310
8797
3267
5143
4488
4789
8671
6487
4843
7359
607
7149
6902
2307
4832
5753
802
8592
5291
9535
5884
2944
345
316
225
2208
7870
4722
1086
6648
1758
9640
1077
8519
3323
5224
4968
6069
2250
6081
405
4946
8658
5063
4791
1607
588
3012
1863
8847
4364
200
1878
7031
6457
1179
3159
3219
7498
5196
5012
2684
2805
8341
4595
430
4059
4099
7955
1832
9327
10000
6311
8422
4082
8443
993
8901
9820
9035
9872
1645
8717
9222
7318
5820
1601
3530
4995
2006
7582
7851
9640
1852
368
4488
2782
8781
8173
5270
1783
3759
7320
9705
1127
4512
2579
4233
1296
1838
7582
6453
686
62
2864
6353
7382
4803
7225
6083
434
3838
9111
144
6003
9195
7593
928
8545
5405
1725
4523
653
997
4710
9068
801
7575
4473
2633
2763
1783
8051
3963
896
7377
6946
7825
6602
6419
7167
4034
8398
3575
8205
9334
3971
5049
7819
7520
499
8845
6661
6635
9367
3084
7626
9156
6944
8139
1041
5017
7609
1444
3955
1288
8009
1707
4181
6873
9546
912
5445
6825
8687
4295
2912
8215
4224
721
6694
4383
230
5106
7662
9252
4041
8193
9806
5815
1498
7128
2197
222
1541
8232
58
2679
5617
2548
8042
5968
269
9636
3844
1898
7060
4495
6847
1680
4249
2758
1776
2010
1447
8964
9270
9305
2931
4234
8803
5953
1867
6238
6248
8499
4644
6818
2593
9130
9749
3236
8032
2053
7391
577
4064
1796
1230
1979
4698
2194
1953
3815
9709
5682
7924
9047
761
5739
503
2319
7050
5979
8632
4808
8429
8009
5766
6984
3052
7734
3578
1988
4802
3825
497
2897
7249
3136
5502
1001
8474
3024
175
5683
4635
4165
1564
172
2303
9733
3244
9341
473
7113
1594
3434
5202
4432
6847
7124
4295
6543
5887
2457
3373
890
4417
709
1178
4642
8033
6561
4040
5055
3008
5350
6308
8218
6258
3113
3550
562
1632
856
953
8544
1238
8268
3225
4162
1676
6035
4016
8771
2639
2246
7543
6928
3230
9296
1184
7314
346
6368
990
1481
565
2203
5144
4322
8015
1008
6487
1218
1409
16
9890
7911
3355
9921
3687
6189
7208
2810
929
7058
7032
7908
7351
8673
3858
2619
8905
8721
6791
5810
4331
5034
2313
1301
2527
6615
8591
764
6583
3474
1207
2007
4041
1204
9888
9863
1420
7523
5995
8433
2121
8718
7639
8593
6138
2215
901
3275
2103
9004
4057
8284
5063
6291
7461
9133
6628
484
1248
9417
9584
8073
5956
9853
4982
6530
7426
5
9660
305
9659
8403
3687
525
3893
5027
1068
1930
8356
522
4230
574
6915
8003
4351
135
8399
2494
8858
1289
1992
8878
5817
3942
2553
5630
2794
3123
5403
2285
9481
3388
5942
6925
2581
1055
8568
2869
6245
294
5272
583
2172
6691
4356
3591
86
7549
7113
9224
545
7832
8359
8075
2103
5300
7103
6382
5721
4832
6505
6465
2400
2030
4493
3548
9054
8616
4701
8396
1303
9238
955
1896
7547
1828
1834
8657
3016
4253
2486
9809
6288
5007
4032
8338
7533
2063
3006
9109
824
2021
401
3002
7589
2569
1906
7745
7711
6367
8753
8232
1648
759
379
4175
5696
258
5975
5909
893
4151
8084
4007
4366
3428
683
7723
6356
4317
3435
5802
627
2546
136
7455
4947
9697
9175
5169
8707
667
5386
7298
406
9628
8086
9944
6667
295
9377
3233
879
5357
1701
2210
3904
941
9333
8910
9665
4206
9343
4333
557
4749
8004
989
1004
9790
2174
8305
8124
3025
3291
6146
6787
5152
1247
2104
1158
979
7483
6784
3886
1206
7082
3724
5124
6368
9733
3303
6404
2609
4352
77
8436
7420
8570
5226
8788
9757
782
1507
2957
5498
890
2661
9935
5476
7669
7038
4126
5532
3345
5567
5295
3324
9622
3492
3751
8610
5822
3450
2865
8076
2634
4027
4920
407
1447
8757
4793
414
1212
2777
1437
5410
2986
5618
4131
9108
5793
3203
1348
3306
8567
4858
8467
5465
5310
2771
2691
7295
875
9005
1499
4524
6467
8305
6267
1744
8034
2673
9369
5136
5124
9026
9827
7117
6063
2272
6493
4147
8631
1370
7785
3914
8193
6832
2705
7853
7825
9163
179
5429
680
5237
8229
1278
628
7458
3622
2137
3395
7384
8697
7985
4478
3945
5074
7492
1334
6657
2715
5714
2734
5021
3167
7851
4599
3529
7783
9200
992
4333
3740
9178
7817
587
4282
8913
9449
3080
428
2489
1963
2609
9995
719
9638
9012
5691
7172
3228
9029
7780
4747
821
2512
5870
9050
4388
1176
9307
3976
19
712
4145
8382
9690
6037
2459
727
3146
1523
7659
503
9135
1235
4188
5283
5233
7941
9687
9745
9269
6408
8023
4077
8692
2900
5394
9570
4992
3370
4758
8508
8010
371
5197
2160
320
4776
9022
3280
6824
4189
8744
2044
391
2131
2010
2909
1734
6324
6288
5617
2691
7664
7636
7786
5602
1443
1028
6366
5096
672
5698
6952
4467
6286
3537
3309
4521
7370
2835
3498
5267
2276
9143
2707
4115
2331
705
306
8563
4256
1427
6120
249
4040
4601
1905
5989
3078
5136
1238
9379
6611
963
6501
9274
2276
9244
8102
9399
7080
3163
715
8613
3061
8138
6858
5509
8249
892
4658
4968
2365
6131
2154
459
5479
2363
4250
9413
5656
8247
1444
9138
1382
3474
2918
7624
6178
9478
7046
5020
6163
4979
8435
1497
6888
1169
9455
2034
4323
3450
6217
7906
398
8889
4767
9510
6362
6273
1753
4980
8477
1737
3309
6051
9283
4096
9742
4167
8534
6247
793
1530
9783
9206
5206
5170
6434
9021
1647
1829
766
3306
8917
6045
1585
3676
6776
8954
9721
2146
8287
6224
5466
8761
4485
6952
2298
8127
6194
2754
8476
1382
789
4810
2586
5718
6283
7618
2772
1384
8270
1004
9208
8666
3301
9796
1157
7305
9460
3405
1789
5325
8585
8194
8158
6204
2543
3436
1866
8275
3174
7575
6093
3577
4054
873
270
3931
7221
7424
442
8984
6984
7526
1624
8935
2801
8679
65
7559
5485
7810
9732
2090
9030
8195
1242
4413
6569
8746
7694
5814
9251
2920
9995
8534
7561
7573
537
2840
2163
6633
4901
8219
7073
464
9101
9087
5190
5760
8395
5010
8527
8047
4980
3738
2445
6651
6776
5999
2811
6346
1730
8260
7968
9979
1223
7279
3459
9533
4420
9443
8907
7994
786
791
3728
8962
3868
1921
1884
3000
6374
4649
5361
7750
1993
8648
8473
1713
6132
1091
1014
234
1843
5735
7958
1175
1199
1090
6375
1005
3913
981
6551
6440
8056
783
2637
8527
2688
681
243
2081
8921
9638
7870
6805
3255
6505
515
2842
69
7225
3523
5123
5540
6972
4545
1306
3188
6717
9236
1723
8940
8839
4324
4621
6776
3433
8488
4720
3327
5607
1495
7225
6527
7053
5677
5719
8266
1608
5871
7850
8836
1661
307
6426
295
2951
8373
475
1177
9486
1837
7013
4745
3755
8596
642
4016
703
8076
2804
9600
4541
1830
7304
4244
5943
8265
4049
3756
2291
8066
1928
2685
1118
628
5714
1424
8417
8595
1994
6782
2377
3767
6367
6197
530
4561
628
3967
5394
2981
8434
7973
6025
6292
9582
5376
6198
5795
3418
9264
1413
6819
7927
7690
4754
6911
5928
1164
7805
2781
1310
2451
8119
5284
3186
3106
418
1266
783
1603
1952
2698
2515
9665
7672
9362
7616
6700
2901
5633
8046
6183
2231
9918
8658
6598
2815
4069
3292
1930
2520
1778
8983
7487
1965
9212
4962
5771
1740
8934
3935
1233
6997
5355
1899
8770
5670
7926
9054
9870
2135
8748
7902
967
4801
9247
8552
7834
1985
6583
3262
7161
7679
9293
3076
6227
4776
3563
548
8179
8721
2814
9285
9435
2977
7848
2877
1444
4425
5462
8566
471
9687
5666
1228
9012
721
9056
7265
9465
8675
830
5629
2143
8699
7939
7004
8945
7590
7455
6167
6069
8452
724
1571
3277
5399
9347
6209
9275
5179
9818
1397
5049
1551
8081
8969
3581
2807
631
5910
9714
2669
347
9863
2788
3538
6412
9320
3756
7780
7625
8965
1183
366
7614
5956
1432
3000
3408
7725
6105
7432
9370
699
5928
308
1421
3604
5465
8513
1872
4621
1308
6140
3267
6652
5834
2988
4412
3671
1306
8375
6651
2540
4762
6502
3295
6689
8631
4369
1499
2317
4666
3085
5207
4558
1108
3427
6475
7965
6688
3334
3818
9858
8001
8127
2607
9904
3542
7371
1658
7338
3179
4758
6475
2608
4670
2662
7901
6885
3183
8940
342
5064
4536
1210
1444
8137
336
5255
5183
2430
3998
3592
2696
4443
6501
875
7807
42
1500
1134
7761
4683
4683
295
5524
6529
3641
4223
8434
317
1160
1045
8501
8867
9032
3573
7963
1934
5736
4789
6044
270
9108
8323
1473
2976
9948
6244
651
6953
3322
7369
6255
3223
2714
6046
5852
3063
5319
6429
9487
1086
8343
7571
2572
1973
3378
22
8581
9476
5495
6411
8789
4409
3941
1372
3636
6955
8108
5668
8075
6038
6696
8190
8671
2760
5344
3946
2904
1849
6136
7135
9339
5530
5967
5734
3318
9666
3208
2934
6099
8845
4423
1891
2704
5144
3107
3480
7013
6541
1276
4935
9843
8556
6100
3983
366
5868
511
7690
7859
3213
4405
9953
8031
6668
7077
2197
2251
4926
5637
5463
7343
6635
9221
7758
7442
4686
125
9316
4959
6326
1920
8099
8945
3970
4765
7360
6151
6963
9446
1952
1694
8994
6437
7329
3714
8989
6593
9307
3184
617
900
4686
7994
6737
4493
6462
6891
5926
4601
3307
4465
4664
3245
3367
8870
3553
4115
1429
5136
1577
2159
5063
5758
5101
5163
8896
5653
701
3214
8344
7986
1186
7312
8061
5921
6067
7694
8795
5885
7832
3780
8650
3480
8242
9010
3004
1983
9144
3629
6120
7289
2683
255
4513
9208
5469
5480
1611
8274
2771
8524
845
540
5349
6611
162
656
4266
1384
1591
4336
4067
1465
6577
8115
3868
9439
6501
8064
7743
3221
26
3021
3306
7330
3387
7967
355
8077
8695
7807
9346
4649
3638
9722
8024
303
1332
8094
5798
6551
3955
2664
1487
6598
560
2136
5154
9686
9571
1057
1296
2557
3798
5988
8737
1947
3398
6267
9718
5221
2596
1553
7698
6166
1059
1894
9768
7437
7715
909
5384
817
3016
9752
3713
381
3896
6770
8342
5647
7920
4824
2584
5671
3204
5460
3471
6768
8943
3988
9056
3144
6376
1946
1427
261
9246
5294
4346
3271
8703
1602
8104
3479
5101
5360
7285
6339
7881
3297
4154
7303
8036
5226
6345
935
2286
8878
3130
2246
4126
2384
5799
39
2117
9135
5912
2047
4301
8375
2415
7980
2227
8510
3816
3262
6806
8316
140
5260
795
5439
8989
3310
6192
2297
2983
5966
6513
4487
9461
7323
8449
7392
9037
4398
4145
2703
8618
2475
2784
9178
2029
7490
8301
5854
5563
5577
2214
6854
5182
1313
8214
5408
9548
6852
6161
402
8971
9207
5272
5929
8457
4705
6863
2354
7873
5409
175
1080
852
5228
6368
9167
7960
6831
1480
8672
4547
6046
4678
153
9033
2361
6720
1884
1688
23
7977
350
9110
9461
7791
4910
6457
4979
8516
1125
5449
6369
5396
2704
7340
6826
5270
8627
2389
9959
685
6713
7270
7531
5572
1867
2962
2636
3493
2009
5247
613
6185
4418
3137
7539
8093
7898
5376
9164
2822
943
2357
118
4338
3227
2015
9823
1129
4246
5966
8691
9503
4256
7099
5314
950
7914
5280
791
2447
4771
5438
3337
9940
3645
3524
6617
8549
943
8413
345
2805
4300
6508
7869
6159
2313
1543
4785
6046
9057
62
5769
823
4919
5733
2297
2977
8471
6091
5293
8936
6156
3319
2232
5595
5201
2875
6940
4327
5940
9777
9573
1408
3299
9603
5274
7097
6658
4400
8705
5402
3350
4186
4596
4528
9303
8621
2114
8517
9787
7992
7688
5718
3611
9905
5042
8950
4474
867
7190
6163
5821
1283
2532
800
8860
9260
1391
866
9631
2403
379
5913
7340
3266
9596
9819
1295
9799
5272
8918
1553
8714
7635
209
2055
1038
5208
3815
9615
7641
9295
8841
1815
9790
5327
7147
4846
7081
4816
5478
8147
3605
3839
3726
4323
2042
1586
5299
6675
9676
9669
1594
4691
4325
9707
8066
9183
7444
5806
591
9241
1025
1000
3035
6332
5251
6936
2362
4471
2178
7512
6933
5314
7611
8149
6067
9912
2764
7335
7291
1543
2392
7696
7814
4925
3260
333
9516
5469
5923
8589
5164
8513
7306
1945
4000
4069
7693
2510
2823
2445
3984
5464
7837
9434
7284
623
9609
1435
2951
8905
3505
2838
5978
7293
9068
5277
5298
4518
690
3887
9743
451
5488
5002
2385
4010
4371
5684
3989
4173
7728
6098
6850
7827
6290
4076
8631
7545
2424
3877
1776
8173
2032
3935
5076
2606
9361
3409
5418
5329
7603
7001
9954
8937
9489
8237
6561
1493
9305
7853
7074
7620
2857
2276
2366
4541
9374
1417
829
4861
3499
9170
7289
9511
1338
1409
9889
2169
7527
5232
3899
7015
3427
99
9986
9806
2495
693
5659
5373
5627
5763
1085
1168
5518
2165
854
7053
6840
6655
2850
4808
4213
3385
4133
2761
6088
1189
5103
7430
8120
1174
579
9985
3977
5969
2553
4337
1729
4767
7759
7617
9385
3937
121
7520
1229
6053
5606
9326
9611
5307
9351
1588
7296
1026
8391
7482
9998
1791
597
4503
2638
7640
4237
3256
7671
83
5046
7849
3762
1494
4035
1985
6609
3907
5867
512
3243
3612
9560
1431
3066
2462
7349
7310
5332
7164
5391
6719
1704
3043
9015
242
9539
2444
9690
2592
5951
9092
3023
5506
723
9419
7520
5882
2854
8151
9795
4903
6779
967
3523
2538
4426
4013
1219
6524
8839
7360
1094
1144
5415
3400
6161
4758
9163
3458
2987
8006
5313
4716
9902
2840
7535
6532
7747
9161
7877
5062
6041
2388
9182
2545
3900
1989
349
176
9577
9072
7555
4028
4881
1401
461
1906
8319
8040
3853
6557
6909
8301
3217
703
3469
3633
5937
6616
4856
1334
3476
6807
8985
9902
2517
9200
8429
986
2776
489
82
4294
8733
2376
4796
8885
5133
6663
8279
1748
3963
713
5746
4667
3966
1085
8854
8897
824
9982
8516
1367
779
1969
1321
9186
9623
259
5116
9628
2273
235
9979
4294
9044
3573
8549
9685
4994
7393
3769
2598
9291
9228
7610
6775
5104
4099
5145
4852
879
2770
3884
321
4972
3927
4036
4739
3967
7508
2688
5033
1020
1114
4017
5721
9625
4417
1371
8705
1497
1546
5657
3701
6236
4076
5852
2410
165
5804
3755
9686
6037
3383
9806
6689
6609
139
7158
1688
1608
7192
7724
7793
5226
9267
3531
3664
756
4238
885
2981
1548
9716
9146
7320
3959
5300
3832
8828
7176
9859
4082
1227
123
8506
5283
6594
3637
2709
2020
9273
9252
7859
7156
5814
5324
7403
9168
9627
1524
6283
472
9619
6020
563
5425
7590
8979
2864
4762
89
9322
360
8060
2605
4841
5789
1486
1500
4806
7540
4229
6186
1784
7659
7140
8202
7858
203
7975
3777
8634
7462
4366
1587
6962
1816
7571
2500
617
1643
7294
5512
7496
505
5803
2216
7942
4022
3630
8786
4156
7028
1700
6191
9765
4116
6487
263
3127
2859
8015
7495
3343
7718
3869
3132
8828
5895
4700
6594
9314
3970
9451
3859
8458
7327
5664
7619
7289
2298
7753
7161
8078
7622
9682
6869
1266
2714
3001
8200
9636
658
326
8259
379
6741
9637
5829
1299
5179
4798
6885
4088
1282
3892
430
1569
8484
2261
887
1367
6766
3451
1662
4129
1395
3319
2496
1367
2737
5176
2256
9388
3169
5177
4682
6249
3765
2123
9385
9892
928
7391
6383
1395
2577
746
8847
9395
2122
3354
7110
3530
8201
1351
851
6478
8860
5655
3935
7533
5880
8707
6056
3877
5807
8190
3643
2267
7566
4365
3870
9524
5322
9342
6223
5746
955
3477
5775
6506
2702
3218
7530
1565
9938
3216
7450
1841
8522
6883
5731
7074
5859
7637
4554
661
9566
4813
3785
2229
7505
574
9107
1929
6753
3582
9318
4951
1441
5857
8520
8579
8483
7013
3968
6444
8330
3065
8352
3995
3125
6878
8498
1104
8292
9738
366
6771
4800
7894
4003
9500
5003
1400
5596
7679
6130
1691
8613
4797
6098
4468
8596
3583
5706
9353
1725
1009
5864
6333
7445
63
1116
5717
6839
8039
1322
3208
9630
4290
3178
3790
6678
3275
8664
5266
5201
952
6339
7364
3736
1126
4909
6149
1354
8279
1665
5263
856
2582
8902
1414
4639
9095
8537
9000
6837
2369
9505
6238
8537
8791
6584
9127
7713
9094
1567
2687
5573
189
233
1907
2124
2498
39
320
8294
4636
3061
2067
8107
4743
3578
5937
1636
6320
2079
2020
840
9462
3366
5419
3495
454
3859
2503
1021
9312
3040
4682
2005
7210
6499
5037
8239
2057
9936
2135
2857
7209
5930
8513
4702
8620
9278
364
1083
3305
8521
2367
8378
2675
9355
5005
4983
8884
9930
8109
9862
4145
707
8779
4564
4651
8063
7950
2874
6172
8228
6597
2237
8874
3820
780
6149
3492
7781
9128
2336
9891
2081
3106
8735
1353
5077
1883
8331
8876
1822
5882
8643
2156
2754
3147
8656
1831
7816
1607
7975
3281
3798
1009
4054
8873
5113
6735
7910
81
8238
3623
7526
2843
9784
9178
9201
2547
4013
9186
8812
2213
8056
7150
8820
9928
7008
7760
8981
8558
8776
9229
2454
3135
5495
6897
7290
614
2286
9618
7679
7904
1629
7064
5241
4420
9460
1160
2661
2665
9819
7120
6351
7072
4817
2469
7632
560
9225
2423
8531
8967
4651
7067
4913
8114
8237
5846
7360
3541
8630
5026
4490
9164
1764
5611
3316
2067
8862
8228
5510
1697
2664
2775
5225
8945
7218
4361
3128
3936
4858
5731
3605
1446
8366
7647
6203
6588
812
8727
5501
786
9999
5362
5380
6224
8030
8050
1046
195
9575
3673
6624
6521
8440
4625
6762
2814
162
3308
3881
8090
4265
8335
8244
7535
3002
1251
9172
4465
847
2898
9294
1256
2191
9307
7437
8703
6079
2641
2356
8046
5916
7456
8338
7198
4784
8322
2879
4180
6224
4919
5525
9077
6116
1104
3440
7293
2759
3383
4111
8067
5930
4682
8913
7812
1078
7731
982
6392
8237
9537
1637
7857
5678
5407
518
2350
2710
8164
345
3815
609
8466
4752
6209
4258
7365
9022
1685
9201
1072
2337
9416
7711
8994
6350
2411
320
341
1931
8475
7746
2037
9892
6441
9760
1973
5623
3491
2910
1896
7494
1961
4481
8948
5920
9835
8168
275
2844
4052
5296
3613
3305
5842
1523
5570
9332
3414
6042
834
7716
9689
9983
6270
3467
4783
6174
9682
4111
9830
3800
7168
1726
7629
4803
41
2224
6795
5232
6135
7479
7844
1900
5245
7072
6599
6588
7656
4737
9403
4677
8680
6623
500
9448
1728
4192
3186
6161
8432
3064
7822
1395
4419
912
5423
1514
2383
5056
5471
3467
9725
2612
9813
5431
6788
3846
3970
6197
1974
5214
6509
2643
2592
4637
1997
1533
3461
9887
8098
7343
8766
6724
4010
5683
6019
5732
7514
6505
8035
3328
3711
5296
1432
5748
1813
2443
4269
1867
1591
4668
4435
2421
8635
3074
5985
9871
4017
7558
4423
6858
3064
394
3090
1910
646
1068
1605
3834
9032
2484
6776
5424
5432
4388
7185
136
5644
2188
8731
7210
3914
8753
7581
3450
7466
3104
698
2000
7166
4370
2680
5280
1506
9195
4382
2214
8826
9093
9847
6673
7791
545
5309
693
3548
2040
1439
3232
8079
1784
7874
3220
3770
1455
5945
5096
3409
7914
7182
3266
9100
153
3959
447
8705
5714
9805
5115
8326
4064
850
9673
6342
8711
7321
144
7532
3765
9499
1781
8630
3943
5820
5974
7179
3099
4733
1248
1777
6996
4892
6272
8198
1191
2516
6368
3742
2021
6640
9381
7304
9816
5231
6249
6975
8511
5850
168
3076
8611
730
1102
8074
6141
8870
2012
7226
1273
8260
6780
7020
2495
3622
9744
138
6571
6
9780
6099
1615
8608
7169
5721
5780
226
9291
650
53
9908
7462
670
531
5098
4923
4005
1585
9580
477
4004
7012
4662
80
6315
2709
6393
4894
1297
430
4433
8744
2113
3783
5741
6134
1858
1330
3223
1321
4812
169
6821
8476
7914
2754
7146
2970
2848
943
6435
185
2398
7112
7318
3325
9521
587
4451
327
6301
5911
8539
4145
5445
8177
6623
5217
90
9640
4479
4032
3503
2599
6300
4432
7133
5234
6977
2371
5217
5038
6737
3768
4
277
297
4117
5027
7441
6747
8728
4819
7039
2992
9939
1521
7325
7850
6324
8617
7120
7833
9061
7124
2765
9401
4123
9881
1120
5993
4973
9555
2435
7120
7039
1484
3013
643
7605
3951
4715
2441
5321
8482
7798
7547
5150
847
643
7278
638
281
5297
6349
9581
8965
9714
9150
9109
8524
8183
8093
9886
7422
2029
4170
5636
3400
379
4215
4562
8243
1237
5309
5602
2251
2816
8616
7117
9241
1196
1443
821
5803
9059
8628
6550
8004
4169
8190
797
8283
8532
5877
2142
2154
8969
1011
4969
1059
6277
3004
6038
3647
6743
6958
6349
4683
2513
261
489
831
3849
2186
6026
679
4116
4563
572
1044
7450
88
6489
1838
5157
2223
6235
9799
1200
5155
3660
6574
6208
2946
3670
1
9312
2850
7134
1365
7667
5155
2025
8667
5952
8910
2474
9931
435
5909
4945
1114
8238
5631
524
9841
4771
4146
3110
303
8361
463
9272
9281
6743
1049
4676
1353
6030
1757
908
7655
411
8623
8855
6386
2146
336
989
5044
8686
7968
6714
626
5115
3122
2603
1445
6841
945
2970
6810
3283
7706
326
8432
619
4233
8539
8654
1151
5796
964
2821
7951
7210
310
6530
8721
1883
8622
7925
789
4022
6494
258
4296
7442
2860
782
3957
5204
243
8231
5742
2993
8530
1888
1716
7137
8154
9660
1622
8336
7314
662
5657
4352
6428
2002
5679
8204
8205
8853
67
5502
2310
1453
7946
8305
8787
5794
8152
5957
6574
7916
8178
1773
3303
9451
2527
6924
4517
1693
1901
417
7096
5023
9870
640
9999
3360
2034
8698
1968
1073
3027
3649
5339
5429
1427
2395
9781
4514
5348
684
7447
1555
7857
2555
988
2127
8291
7364
1316
8718
4486
6523
6515
6236
6842
2152
2126
4600
4561
2345
8624
2938
5753
9296
2671
4229
6066
5530
8138
8058
2826
6382
9074
9558
1070
3841
2112
4345
4432
4309
7364
2012
1769
619
512
8666
3657
8225
5112
7126
374
8121
2222
903
1079
5285
8320
6168
222
1030
9436
380
1375
6517
623
569
8747
8557
7470
7284
8362
5212
8665
9586
284
261
9687
6982
8629
4458
7671
7034
4833
7350
8503
9330
1946
138
4559
3258
1027
5355
6380
663
3828
5917
7240
4219
7148
7374
6853
5213
2695
8810
3580
7712
5184
9254
9620
8059
56
6061
7577
74
5499
2681
1657
7662
5815
9641
7452
6918
1847
1372
3565
3367
1877
1649
7796
5851
8597
2891
1865
7447
7008
4855
5365
325
2507
3179
9907
5406
8051
9351
2348
643
4876
2231
5360
5640
6890
2154
2026
3501
510
9641
2057
1785
2199
8970
7771
1560
7187
7495
3073
6991
945
4155
2876
4142
576
8280
5984
2086
4411
7698
9370
7650
1507
2035
7692
9299
1556
4978
4340
8615
3038
2605
8419
8398
6165
5234
4063
6621