1031
3613
2352
2711
2593
1150
3751
4080
362
2856
930
3509
894
4046
2415
4243
2532
1613
2784
479
2870
1091
2578
1779
70
878
2325
3305
4560
4551
239
1491
705
2420
4821
2108
4834
788
4258
2110
3922
1631
4797
3560
511
3399
4743
1312
4731
3905
3544
4312
3538
3032
1437
3888
3714
3352
929
119
4699
4934
1329
1236
788
1720
3375
3000
4223
2863
1160
605
2437
3477
1547
1487
1790
3086
545
829
2301
3712
1834
2428
4087
4108
1151
1535
3558
1431
3132
2656
1923
4894
1628
637
4802
3935
1687
977
780
750
392
3736
3051
962
2616
211
4122
1586
1173
1904
46
3712
2077
3984
2326
1912
4779
2714
23
4302
1490
725
4849
3544
4669
4071
37
2143
4987
2517
860
3059
4608
50
1121
3177
3854
3693
2977
1299
2734
4778
1288
1649
911
898
3851
2538
2714
1440
1393
3361
4102
4980
2285
4358
4717
1206
4241
3272
2669
3587
4039
3328
1689
2284
1451
3903
3379
1190
3269
1653
2802
902
166
4007
1529
4664
1223
1849
928
386
1284
3973
2198
4691
507
2531
1422
1770
3260
2420
2782
4116
1539
665
2592
4412
84
2579
3833
1839
784
2533
2935
4412
4563
1680
2139
3805
6
1011
3556
4984
2252
2954
3648
1214
256
3038
2604
2008
4400
4406
3013
2040
4711
1106
4222
1190
4591
2459
2904
1248
954
1723
4438
1924
1888
4628
3440
3025
4412
1321
4438
2991
422
159
2825
2973
3521
4673
10
1950
1947
1592
1635
4822
3145
1439
3312
2463
185
3164
486
4549
595
924
3300
3789
4002
3966
4581
2209
1167
2845
3042
3508
383
2769
955
3255
1
1096
3829
281
2445
2375
434
3
1404
2115
4677
4558
1379
4604
4837
2336
2006
949
2942
2246
265
4389
212
4395
3433
4513
4175
692
4651
2690
4599
1719
2349
2732
42
3993
2733
1599
254
4748
2765
2906
4089
1855
2107
2592
4425
2566
3912
1695
4337
2007
538
4150
312
4730
221
223
1080
2940
3296
2425
13
4125
4907
4656
664
3000
604
1745
4831
883
1153
4047
793
4610
4122
118
4679
4729
3763
1628
443
4092
546
653
3231
3966
414
3947
4847
683
712
53
1557
329
2252
4959
3982
1877
2895
2945
3324
547
4222
1544
742
438
662
1392
3448
3734
2468
3166
1242
4269
4486
820
2528
2950
2061
157
1077
2664
4172
1700
34
4356
3095
944
813
3589
3123
1043
3439
2972
2608
681
2394
292
231
941
4882
1536
4850
968
1132
3460
3362
1770
1205
1250
1206
434
1825
4838
4215
4130
1023
3111
332
4078
116
679
4544
4985
65
1898
1971
2046
3542
987
1200
1800
170
3867
2558
95
140
4029
3062
4978
2809
4208
1509
2771
954
1693
4876
289
4097
2464
1862
2152
2191
1048
181
349
949
3435
376
4650
1553
4943
1190
1476
4000
4136
2784
2206
1200
1750
1770
1637
3941
4061
2919
3248
54
3694
1039
1215
4410
611
2821
1847
2115
2888
4336
1297
3518
4398
3782
1193
3151
858
373
3814
571
955
4851
4213
959
2452
3357
3365
4446
3427
1997
2180
324
4190
3424
2658
2306
3594
563
4517
1500
4915
1691
3534
733
3865
2886
2016
2409
1683
3360
586
1308
3439
2020
735
1310
2432
1350
1220
2276
176
2788
2293
2731
3646
4593
4265
3723
1558
1123
1638
3792
4565
4733
4291
2628
2738
4219
2697
285
2348
2364
4537
1644
590
717
2347
2703
2925
4614
1625
4510
1865
292
3181
2627
2247
37
1333
3358
1605
3717
4672
2685
896
4904
1229
1098
1795
1331
3972
4405
4837
4519
3729
1089
3967
4666
3314
2412
4342
3170
3145
1798
759
4522
364
3169
3300
2487
4074
405
2724
4019
1168
2573
1473
4860
1042
4214
486
2077
4465
4874
2433
3255
438
1999
2604
1798
822
4686
286
2237
4544
578
4491
4381
2440
3215
1270
4934
1936
3620
73
493
1451
2802
942
2952
4828
1378
1065
3421
2563
4237
3485
4522
1723
595
1652
898
4168
1271
2437
3495
3295
4095
1941
2387
3830
3372
4167
1276
4691
4975
2441
1736
4362
2331
210
1860
1511
2374
1453
2529
2520
1960
1679
3325
1860
1071
3733
1324
3815
4894
4216
875
4881
3362
1270
1109
3783
2628
3216
3523
2969
2505
2284
4204
2925
2027
3208
106
4669
3971
4874
3351
510
1209
1477
4614
2118
2884
2433
1457
4879
3167
2548
2390
463
2752
2389
2765
3852
86
647
2391
1306
1841
4312
1504
706
1529
303
1717
3606
197
1839
1272
2784
3839
1299
4386
3751
3088
3629
2134
226
332
9
724
2432
2870
2748
3240
1410
3295
219
1409
4799
2827
4314
586
3548
1633
4028
4707
2026
2560
3777
3082
2903
2372
3394
3736
2921
1060
1399
311
2848
3719
2112
1905
1695
559
455
3658
3843
4049
2808
55
2542
3436
3817
4933
3950
1801
4308
3863
2876
3098
347
207
1466
2648
1125
3832
3126
1404
4701
2171
4901
92
1025
1194
1416
126
4893
2556
1710
4513
2705
1415
232
785
2320
2875
3205
341
3318
3713
2422
2256
2650
2702
767
1919
2624
907
2682
4681
1488
2453
3667
4017
1650
4666
4347
4110
717
1510
19
3220
523
3902
2620
950
3657
441
1512
3363
1690
4089
1074
2009
3327
4223
3969
3560
2216
4470
3082
3044
1206
4001
4379
1145
4647
396
4735
4605
3069
4387
3865
767
771
2439
4774
1007
598
2263
19
3097
3402
1545
4799
854
4333
1714
1950
4848
4445
1051
3125
304
4185
629
2480
4967
354
2186
228
3612
4746
4879
3283
2616
605
2885
2776
3856
1930
3487
3223
2426
4991
4729
2313
2511
3639
2127
4882
3380
3259
258
4378
3601
4014
1754
2149
3909
4695
4510
3288
4140
2373
6
2913
1027
2732
2029
777
2585
1685
4460
3391
4401
195
255
27
3353
3017
2210
3112
3136
1806
3800
1625
4625
2829
2993
860
3429
2977
2896
1657
412
3865
3806
4461
4111
4315
4808
2528
1169
1794
3420
3488
1275
4590
979
1084
3498
3371
1799
1174
1058
480
3199
414
2158
1470
1778
3802
4092
2876
3402
601
536
1412
1243
267
51
3327
3866
650
4397
1234
4310
395
582
3757
1802
166
3328
2969
3361
3046
4492
78
4105
249
3016
3187
2307
3885
259
2954
578
1819
4892
910
905
2926
2061
3565
3133
643
3101
2775
3645
698
4408
1021
3111
1266
3093
3376
4805
4169
3606
684
3383
3438
841
1969
1861
3292
4490
1333
2139
3867
877
3962
2624
723
2972
3435
1002
3484
2034
4114
4388
4628
4153
3068
4944
1893
761
544
1051
2945
3301
2811
1501
3917
3843
3430
858
4377
1916
1246
1344
2182
4119
3491
3587
2817
2645
3450
3816
2441
4061
4742
719
2968
4293
1574
3201
2464
1399
3377
2581
4862
1351
4032
4932
4791
2659
429
4091
4550
2727
4507
4839
4932
3926
737
1145
4448
1809
2342
1191
3567
2821
543
2765
2359
2874
4433
2157
1943
310
529
4458
2567
1147
3502
4889
4324
1772
2841
2290
1414
4878
3533
3959
1897
3523
4016
660
441
279
2488
3892
2988
583
3070
3447
1404
4717
830
4810
3722
3514
4101
3229
2306
4851
129
4581
540
3013
1398
56
542
2219
3538
1465
1349
1145
1145
4910
263
181
1259
3878
1637
2579
3905
3489
3721
4185
2504
3512
1887
1187
4568
4452
3618
3166
2472
2608
304
1612
2793
3338
2054
4226
1860
3993
3996
4511
4931
2191
3947
3863
4161
4353
1150
2082
332
2135
4532
3142
35
3784
3280
4841
1992
670
300
49
4948
4716
4220
2888
4407
240
1184
3092
2744
4573
61
4127
4925
1771
4114
422
730
196
1863
829
3064
1240
974
4875
2162
3316
3005
2624
2011
2475
1627
2687
2926
2863
3930
3966
1272
3197
4968
1704
1792
317
2450
1971
1692
1271
3517
3844
3973
3597
3300
3309
114
2528
1454
1311
942
4454
3821
1352
980
1675
4878
3880
3515
4337
3925
4537
1215
2737
2155
2517
4343
3249
2088
2437
1327
2072
1521
4652
1228
4986
3476
1144
405
1220
4853
1087
2756
4279
1526
3844
4995
4675
2553
43
3160
2078
1298
2684
847
4816
2655
2163
1903
627
130
1997
3247
2364
851
1814
3224
3115
13
1072
1244
4852
3544
3205
3728
3059
3189
4327
352
108
3913
3949
4193
2208
2271
3022
54
3815
1328
1781
564
3073
3366
4898
3912
2293
1007
4225
3205
425
4642
110
3868
1285
2958
352
3831
4640
4322
1056
810
1070
4058
2460
1336
920
3811
2269
2141
55
3072
111
3259
1614
4528
1866
3911
2605
4482
4156
1881
3699
321
582
848
4706
438
1518
1194
4056
45
2139
1504
3566
519
512
4865
451
1702
1239
3814
3586
2127
1362
709
3083
4607
4122
2212
352
1136
3187
846
1907
4851
178
3193
4443
2689
1218
1113
4861
1361
4855
1726
4478
4386
513
1665
828
1678
1411
618
710
4845
2427
4369
1214
1742
2017
4784
812
1605
1436
4087
4643
44
4511
2714
1877
389
9
2830
2392
1448
2966
566
2864
274
4338
1372
4788
1636
3772
1978
3113
608
2911
573
457
4894
4971
4862
202
1173
4338
3290
3002
4637
2297
2566
2100
745
3848
1522
155
4104
1755
920
366
4297
1006
1321
4039
4479
4163
1457
3422
470
2863
4654
2509
822
4315
4431
643
1472
4415
1387
2
3491
600
3310
4463
212
1439
4504
2741
4785
3347
3057
361
363
2602
1655
3449
3991
4910
2424
434
3637
3309
3879
3748
375
810
3499
4563
1509
1162
4494
1035
4842
3439
1654
2651
3608
1608
1963
3463
3354
709
2814
882
2024
532
2105
3658
4279
2465
1813
4956
3736
3915
1354
1154
1461
3593
4032
3582
1510
821
622
587
352
4226
293
3380
4541
1665
1568
577
3817
2066
2226
649
602
3078
1433
943
3921
3067
53
4112
4078
1935
2334
4490
1167
3465
3713
1616
4562
4438
4549
2372
1529
4340
2579
1611
1554
567
1963
4654
3149
272
4298
4734
3645
2054
2113
4733
2131
2155
4874
3501
2204
719
4138
3489
2308
1209
72
533
1807
1695
367
3303
527
3160
4819
2048
2941
4143
3474
2631
4758
3337
2286
2246
211
2874
3656
2826
4802
1291
3763
4403
3542
4726
3237
1087
3727
4901
4486
1876
2969
2179
544
1575
3282
4494
523
3622
2215
1439
2392
4443
4934
3061
951
4197
2745
4549
2519
138
1644
672
4998
4827
4615
4657
125
2127
3434
1765
2627
472
3915
753
2949
2181
2288
2463
1577
1524
3728
4649
943
3894
2175
4783
763
3247
3309
1754
1358
1799
2923
333
324
1251
1291
1098
3340
3736
4016
4277
928
1586
4022
3749
689
50
4659
858
42
3329
1135
326
1284
215
2490
2077
1694
776
1361
1806
3281
762
955
1777
999
2518
4476
133
3065
428
1729
4633
557
297
1981
554
1235
4614
627
1747
2116
1583
2119
1240
2556
3848
2363
4037
3919
2691
3295
1308
3882
2704
4853
4843
3289
1625
1800
592
2007
4276
1701
554
571
1495
4859
4366
466
545
1910
4438
1399
4005
4860
4067
75
2382
1034
905
828
916
402
3109
227
1693
278
3689
761
3113
3073
119
792
4778
4573
2495
2496
3129
4614
1573
3685
3925
1115
1887
39
1188
1978
1155
1352
4174
2308
164
1734
1004
794
1861
4790
2994
4676
2003
2787
3782
2437
4831
2239
3372
4543
3412
516
1111
615
1509
2487
301
1341
997
1849
2027
1907
3847
2463
1524
2920
1030
4775
1693
3309
4637
11
1208
3835
1329
1408
182
2681
3694
2777
4846
1347
3988
4997
178
4093
4832
1689
4252
1372
4186
814
2206
4381
3466
2125
1546
2258
3610
1700
2999
1936
3957
724
154
2463
1901
631
2050
4968
4361
4073
323
321
1530
3584
4427
4218
2956
3899
2718
2484
1938
3766
1999
306
4633
2386
2030
2003
1783
4449
475
1989
4417
198
4040
3722
1788
3105
3652
440
1382
7
3657
2282
4527
3955
1331
1688
4379
3746
4803
901
1084
773
2842
2784
2146
321
2123
1018
4209
4858
1891
593
1190
4059
3370
4517
1032
2895
2819
47
1975
14
1856
3479
297
2052
2218
600
1938
3571
4491
3972
2213
1524
1005
3995
2131
1052
831
4904
2148
3269
2659
1438
3384
2173
3324
1449
4860
620
3326
3172
1331
4776
2094
4558
3732
1842
4150
3168
269
117
2476
2182
1335
3962
4956
2449
3339
58
276
1701
4201
1206
4095
1062
3753
4841
79
4347
1224
1537
3862
2739
2518
667
3501
4707
4509
2580
880
1469
2584
1749
2187
4802
1736
4912
2023
4686
4587
159
4528
3145
3266
4733
2370
1897
4278
1413
1396
4686
1008
3598
3393
446
418
2148
4837
2517
1678
1633
1306
4485
2434
303
1247
3697
2872
3209
3072
615
4701
4023
3829
4461
3015
42
1030
2427
4549
3894
3108
4081
3758
469
550
2358
602
4703
2838
3399
1278
3944
2983
940
3204
2974
3387
4158
3729
3641
3447
4567
4375
546
3372
2668
3841
1161
1158
1135
2586
783
4261
662
884
3810
528
4577
4988
3974
2307
1908
2752
4642
3806
2704
2864
373
1300
1058
2449
4396
4423
663
3043
733
1898
4973
776
120
105
3483
4154
1076
4983
1881
4574
3765
2562
1683
1092
2960
2760
1662
3541
1617
279
846
2856
4947
4806
4516
1609
3225
3846
2010
1660
1144
4424
2954
2913
89
135
2399
1928
332
880
1071
2909
1995
2989
1224
4850
1745
2972
3176
150
1873
3662
1909
3051
1029
4806
1944
4353
2997
4847
3635
3362
845
871
2861
503
2534
3774
4349
1513
2990
2497
2342
2411
613
3032
2809
3327
4431
155
3482
2931
398
990
387
716
119
3546
2782
966
3548
4276
2311
286
4208
626
1621
1478
4004
3965
2513
1629
52
4259
1135
3292
1295
2295
4847
3203
4978
2905
127
41
3949
3325
1500
3166
464
2684
4513
2238
512
3993
4473
2127
2615
4126
3879
34
2862
2714
1082
496
1173
3755
1593
3257
1910
3439
3106
1545
1893
167
5
2278
655
944
2260
2178
698
2685
1548
3922
1370
3305
2815
2526
1421
781
1622
3830
316
2309
2249
271
33
2132
136
4352
2772
4894
2690
4888
4466
2713
369
4293
108
4527
4568
3767
2419
3769
4852
2030
3445
1756
2481
4800
1690
4152
4420
1647
1714
2227
4894
1113
2029
2219
455
2219
104
67
974
707
4874
496
1922
2158
1750
2179
1074
1417
4838
131
4250
3351
228
2490
1826
2730
692
3417
2955
2915
1656
387
3703
3257
2800
4410
1429
146
275
2214
4172
4642
1897
2531
4326
558
1090
1565
1198
3477
3275
1839
1775
3510
3316
1022
3895
4393
2160
3692
3396
2583
4921
3835
3808
1469
1700
3613
223
3125
1305
4011
1103
2894
1550
4323
2959
3663
3676
2121
3091
2312
4408
1638
1794
758
3784
914
2580
771
2299
2639
4696
2041
1098
1518
3390
3851
3298
1376
1300
3328
4958
3625
4272
4623
3385
4752
3882
4126
3738
4562
2664
3622
1111
2812
3336
1306
705
44
3786
4905
3882
3285
469
4164
2563
106
4876
3225
624
3172
4243
4436
4295
3558
1718
2042
197
4782
1173
1994
89
1814
4173
3065
1205
4093
801
1579
1931
482
3776
1377
146
4386
3128
437
3741
1784
3167
272
1759
1669
4025
2846
2731
1008
4171
1043
2375
4037
1111
3626
470
2821
3733
4153
243
3868
171
2749
2991
2242
4668
3714
4361
4208
988
1320
3262
1321
3847
1220
3961
812
2773
1953
1831
1733
305
4312
4698
1979
506
1002
3229
879
2330
1230
4401
132
2196
818
821
1572
4387
2008
2547
1962
578
3342
257
1810
363
3851
954
3345
3181
4634
3255
1101
3555
4039
1543
3048
3043
3981
2240
3980
4281
4688
188
2106
2767
4061
3919
65
3150
3630
3858
3308
2549
1185
4335
1998
166
2185
3584
4445
2825
2983
3152
2454
2219
3192
4358
872
1249
1857
1295
2981
575
2625
4108
390
4561
1484
581
4140
1410
3543
2244
4665
1253
72
4446
4727
1680
3718
4825
4513
2820
1812
4586
1782
2566
2559
3562
3219
4639
4336
550
3133
1851
1240
3690
472
192
3210
11
503
752
4688
502
1940
2632
3394
2300
693
1719
3590
117
1955
2008
525
2282
491
1080
3807
3287
59
3842
2427
1349
493
1914
905
3240
1912
3033
819
3596
2774
1700
2108
1381
3574
2637
4172
3008
2819
1545
878
1250
2096
4422
4777
2902
529
3277
497
4003
3494
4252
4015
321
4230
2179
4399
2919
3352
3033
637
4668
4045
3936
4910
4413
4094
2252
2814
725
4048
641
1784
2842
3783
3680
4474
2131
1524
4438
3393
4341
4833
3960
1053
2009
1788
2979
3588
3849
464
1112
3945
367
2872
3610
4036
4938
3294
3901
4883
1180
566
2858
2258
505
96
2214
4813
2924
2927
523
2277
4609
3489
1098
1984
2273
4433
3044
1315
4534
2536
1957
2468
3464
75
1931
3038
4673
792
6
1339
3426
469
3929
3793
875
4733
2648
3438
2219
2997
1104
4428
625
3
386
4715
3320
3366
4463
829
1513
3006
293
4957
4449
347
3418
3690
3264
497
3235
3611
2011
1238
4932
603
2150
3169
4950
1596
2348
2874
1212
3123
457
2911
239
4432
1648
726
4338
1310
2421
2805
675
757
2813
435
2465
3686
4292
1617
3683
4983
4943
4076
189
3627
734
750
3734
4846
2416
3411
439
1537
423
4617
4565
98
2887
1743
2679
4811
609
4386
3776
540
2668
887
3242
512
3214
723
468
3789
522
508
3354
4638
2999
1882
2606
3420
99
1805
2691
3571
2700
1511
3491
2603
4618
192
201
3595
3011
1048
3172
2119
4872
2837
669
1537
3340
251
3576
3410
751
873
2995
1267
91
1447
973
638
1830
4909
3843
2625
984
3282
3769
889
1671
4761
1022
2352
3491
4627
4351
3893
1760
1284
1421
2209
3764
1870
3193
1842
2815
1220
941
1318
2823
1677
1545
1821
2120
1604
2957
4600
3443
659
1065
5000
3927
4237
1234
4371
4238
608
2209
2909
3032
4590
656
701
4688
4928
4900
1140
4696
493
503
2281
1325
2945
3746
781
2321
2396
4803
3165
779
1411
1784
4507
635
1863
3317
916
620
4962
4475
2690
3033
75
296
2583
2327
1045
2327
4101
4663
2741
1099
950
4686
1436
884
807
2391
1812
4345
2970
2614
4666
4230
666
3252
2218
2016
572
54
1688
2463
253
298
2197
4853
2477
1253
72
1429
473
3716
659
1969
3942
2259
3931
3034
4765
4356
994
4411
713
1990
2994
3990
3710
3875
4386
2486
2746
3633
707
3922
4050
1654
2326
166
4427
4215
573
957
3108
2631
4859
1285
3411
2704
2872
2837
736
1393
563
4441
4023
3037
1762
4330
4983
1456
3979
912
3782
890
4370
3157
1520
3760
3538
2989
341
4082
2865
1522
4673
2477
709
2581
2919
4993
1761
3807
2879
1568
1782
472
1286
1732
3909
3340
4453
1708
703
2122
2416
3600
3613
942
3148
1139
1842
3596
4731
590
2817
3636
4642
2617
2088
4853
2557
4110
1151
2015
3942
1532
1423
229
2526
3101
793
4047
132
4904
1919
1749
1563
2071
2018
480
3288
4747
184
398
4836
2531
3
3144
2341
2458
1527
2193
1619
4300
4484
3993
537
504
1905
4025
4912
4271
1204
1202
2568
3529
211
1324
175
4836
1381
1991
4327
3406
3041
288
4544
4636
2375
1793
320
789
985
2727
1694
2417
117
2555
1732
1446
594
2130
580
1189
4349
4801
4358
520
3753
4540
217
262
74
3615
3929
4987
1007
4823
226
4411
3329
4452
4225
1299
1944
4884
331
4082
2513
2029
2745
3948
1015
3754
1820
2939
4804
513
3580
1112
2487
4966
3762
1287
1415
4244
3921
1408
1796
4361
3162
2383
3122
3374
2526
1122
3287
3105
2840
1594
4932
2373
4348
2005
162
3308
3087
4105
705
2639
3319
3054
2689
2594
4520
2976
844
3005
3054
4491
3638
2974
56
3516
1585
3658
2900
972
4458
2775
3684
3466
1718
1885
4140
932
4257
2837
855
2327
326
452
2028
3433
2070
4376
1460
2006
1961
3280
4688
1998
4326
216
3579
2013
1213
1869
3392
2547
2487
2395
417
2056
4669
4072
3585
4841
139
2932
216
1632
156
3226
4390
4201
2339
1202
3778
1030
2720
1437
4305
3500
933
1057
3735
3405
1232
3302
1439
1789
2467
4925
163
2731
3052
3615
7
809
4037
2322
569
3044
4863
1506
916
2462
3951
3094
1517
1345
3590
388
4610
1440
4746
832
819
2730
1545
2185
4465
947
2567
684
2604
4180
108
3366
2384
3405
4844
2760
2079
3754
3106
4762
4304
470
2551
4949
509
2557
1352
1671
3023
1931
1668
1504
172
4774
2241
800
2100
1296
4524
809
4173
1513
1436
3670
1521
3714
4391
2050
4117
254
3957
3879
2257
4732
3355
3590
2089
608
2339
1946
1640
1652
133
4245
4918
3322
177
152
3352
921
3502
4690
4767
3915
481
337
1842
4308
1516
4792
2845
3283
1531
376
3190
1852
3619
2917
296
2047
84
1523
2043
480
2831
2323
1882
377
4046
3613
3444
220
2369
542
3066
1121
1569
2325
418
2682
1392
4012
1925
563
4845
2854
2681
3033
3228
1306
2156
1280
4271
238
2735
2965
2450
673
2146
4632
3195
266
4360
4887
4132
3412
837
4737
3747
2512
172
395
4787
133
552
2631
3392
4703
3928
2449
1999
2495
3014
3023
59
2636
2335
4337
133
486
206
3439
2300
3957
2258
997
1600
2853
1877
1747
2248
2853
3051
895
972
2955
163
738
2529
528
3214
1954
4646
1823
2658
2827
4334
361
447
4867
1740
1823
2789
2075
3024
2119
3043
1842
2026
3611
2723
2853
3046
1790
39
1550
548
4255
2315
1948
2889
335
1094
4541
2099
2923
2408
1205
3851
4896
3028
930
3695
831
3409
4682
533
2100
848
709
1623
4770
3643
2722
2045
2499
2060
4374
3364
3713
3074
3804
1931
3877
183
4043
4802
589
49
2870
4954
1698
1242
2836
4176
2410
2681
2979
3232
1038
1180
3119
93
4696
3445
2625
869
3405
4211
2516
1490
3396
3292
2518
4895
3835
3915
1882
3006
2387
682
1437
1932
4443
4785
3383
2225
3624
838
1415
3124
198
4431
2298
3626
3946
4743
2180
226
3824
3
269
3643
2583
3869
712
4719
1587
4634
50
2845
3546
184
4460
3042
1965
4998
2473
4012
599
412
4301
3782
2000
3466
4600
2784
2406
537
3963
2215
3303
4179
1339
3429
4643
4789
4707
3605
364
1018
476
1728
3813
134
1118
3173
2881
4904
746
682
3567
634
1217
1514
4702
2469
3960
542
53
3134
255
2054
1239
1416
3096
2711
4966
1954
590
4282
1415
3587
2132
4220
4724
557
1750
104
3773
1836
2571
2336
1728
1601
4119
553
3383
235
3803
3297
4694
1512
4175
1076
3449
3730
1597
4374
3694
2193
537
2556
2923
144
2230
198
1739
2047
4806
4803
2439
2782
4012
2626
345
3260
766
219
2403
685
857
1788
614
1065
4700
1164
4042
4342
2611
500
4525
721
923
2978
2226
3846
3672
1678
231
2390
4185
785
1037
812
2753
2289
307
4670
933
1400
3766
3669
1513
3912
2539
4063
2323
939
1199
1396
2434
4087
2455
4089
3250
4910
4166
4524
4030
4125
4529
2207
1022
2533
2184
1298
4595
2654
1421
4831
4345
2699
4522
1135
4918
4924
2193
302
4698
3425
1195
413
915
3455
1446
4003
679
1269
1481
4762
2746
6
3743
4227
3412
3488
4006
2961
1262
1645
877
4010
1383
3394
2284
200
3541
2389
822
4239
3251
1034
1728
1548
2188
1688
3821
2394
1922
4554
1485
826
1663
760
2884
1758
3523
3811
4043
4455
1591
3723
254
1121
2868
1322
4698
212
1979
4204
155
4263
158
1737
3101
1142
1951
4911
4611
949
2094
1217
1301
3316
4018
4740
1576
2363
4264
1558
287
312
1535
1186
4804
2903
1362
3315
3176
2938
1955
971
317
2384
3601
2587
96
2805
4357
1411
2058
3093
2732
3943
3451
4605
2911
4871
4994
4145
4766
1512
3457
3907
1999
871
3130
4818
140
716
940
1150
490
2346
1552
4341
3508
252
3352
4980
2867
77
99
4411
62
1896
3674
3296
3433
3391
346
2645
1191
4530
4604
87
3669
4737
2372
3026
4184
2653
4379
4217
2608
1676
4828
3284
2908
3802
4746
45
1246
4161
2565
329
1545
4224
4168
1240
554
4385
2566
2241
3053
4742
2891
3475
3797
3722
4440
2476
2937
4164
2332
3437
1364
4645
4945
1554
3457
3920
2146
1467
46
411
720
3020
4147
1500
3237
3175
4137
2048
2671
4440
4789
2542
4594
612
3371
4
3272
1948
1338
2967
2233
4304
919
4266
2934
1401
4192
962
1405
751
1057
129
2250
2248
3044
1063
2871
4456
130
2474
3464
632
2318
2923
1939
4984
590
1455
1020
3521
3703
3664
2528
236
4733
1832
186
1018
4586
1750
1392
2165
568
4743
4333
4132
4611
2129
750
1523
4195
2844
1493
574
1327
3441
128
3113
1514
4899
3957
1218
4716
2196
1158
4828
1164
52
3218
219
2281
2083
4268
1483
1245
4076
3871
2250
481
1508
3960
2606
1008
4802
4936
927
304
3365
633
2755
2695
4614
496
507
4009
3136
4999
3080
60
4136
204
1370
1657
1246
2478
4228
3644
3183
823
685
2547
4671
498
3569
989
1926
3095
3192
625
3658
4467
3841
270
4282
3103
2867
3866
4940
533
2448
2178
243
75
2662
2119
582
723
4572
2071
3706
190
73
4383
637
4445
2176
3478
4132
1189
2580
1968
1885
2667
3658
4830
4897
448
1101
3097
3087
1302
855
1437
3667
4951
1783
1381
3942
3010
4234
1403
834
3672
3612
3165
319
3227
4235
4786
304
1615
213
185
2173
4328
638
407
3231
4754
4148
1275
1382
3161
95
4410
2414
4395
1617
2864
230
3490
4159
3571
59
4694
617
1839
1175
2644
3991
2522
4005
3114
4391
2733
537
3281
438
3569
1940
4457
308
2549
2301
396
4893
1331
2155
237
1715
3172
4225
4189
4454
4970
2364
4832
1749
2743
3424
1803
3202
3294
3390
4078
2754
295
3155
305
3921
3753
794
4382
1559
257
3382
4020
1982
4361
1840
4334
76
2985
4883
4758
3491
2909
1532
178
3788
4465
2674
4903
1446
195
4310
3667
2794
1749
592
202
3327
3269
3283
1873
4434
3821
1517
2612
2687
3700
3034
3275
4283
4941
3401
3488
3151
280
3091
3711
3162
614
3640
106
1436
3762
4171
2630
1919
207
3982
4099
958
3778
3024
2943
1102
3313
2084
4134
4761
788
2687
2995
2103
4845
4767
3321
1400
947
2711
3527
483
1876
1709
3770
1687
3895
4689
2468
4700
914
4312
2572
226
478
404
2302
2267
1830
1320
2561
4891
1069
802
2782
1474
2015
3878
4302
3019
3430
4937
2721
2233
4325
96
666
959
972
4776
4935
4427
4325
3923
3799
4204
1901
1317
4957
1277
4505
594
1264
541
1688
3196
2903
4189
3342
3193
2272
2013
3194
386
208
297
2989
1036
4790
371
3031
2471
4840
1255
3588
3379
84
4276
3682
114
943
340
1988
159
4937
637
4405
995
4429
1557
357
3896
826
2461
4931
4584
4450
1648
4005
1760
1179
3073
4241
2147
897
1741
4222
2016
2813
3503
762
3929
4240
2151
3787
4147
166
2797
1186
168
1686
1665
2453
1613
2452
1726
3776
1638
4223
1153
2440
4496
2583
3114
3157
2616
2348
3347
4267
4949
2651
566
3682
2678
1186
4911
4414
3230
1041
558
2062
2723
4633
1797
4904
2683
2060
2181
2080
340
2819
3278
1056
4094
4471
1767
1526
954
174
1553
308
2178
4858
3835
1718
2829
3353
324
2296
4337
3164
377
640
4439
3246
3766
2087
4997
4444
2376
3265
2042
3066
1984
2921
1642
1904
3832
4255
3360
4914
4897
2382
3371
1457
850
4669
1583
2083
93
628
4650
3611
4334
2831
749
4450
4225
4881
3699
1155
2987
965
1288
2441
1958
3898
1123
1323
1087
2031
3341
1419
2679
1811
4707
4459
2770
102
2888
163
4558
2067
2159
3481
2870
3790
1746
3356
3477
4137
1149
3590
1118
539
2771
822
17
2600
1476
3892
955
1793
3001
3607
2794
1145
1984
2523
4643
3182
738
1641
2630
2303
3781
4595
60
1200
4212
2722
913
3259
4068
2391
1754
4968
3896
4563
3386
2031
2735
2637
1671
333
3779
3415
3329
846
345
599
2998
351
1559
4788
1768
4942
1448
2220
1418
1060
1996
4186
55
4732
2385
4421
1121
1185
4921
3306
2212
274
2771
4144
4927
2011
2743
4231
4602
2237
4425
1017
920
4019
707
4947
550
4965
4022
42
3720
1677
4488
520
3984
2079
4812
564
2643
1338
1108
694
4420
4723
349
4083
261
2817
2671
794
4789
4252
3724
3353
3529
861
4875
3211
28
1591
4733
2315
1907
2808
613
2529
4569
2274
944
344
3567
3621
4038
3502
3219
2916
4041
4481
3188
4145
2097
4058
4837
2125
2972
4900
1269
1558
599
83
1687
1860
2814
2383
4057
313
2130
1849
4440
3266
3174
870
1867
1775
2934
3550
3715
116
154
1387
3571
4929
1384
4995
4541
341
4135
1434
2191
1530
815
725
4584
1060
4856
2801
4101
4351
4352
3956
3167
1447
2728
4197
3874
3898
3305
2973
3058
603
595
2429
4782
1256
1415
4757
2055
2376
240
4480
4501
1461
3624
588
3058
4686
2018
3484
1568
1473
1240
888
3453
141